<TICKER>,<PER>,<DATE>,<TIME>,<OPEN>,<HIGH>,<LOW>,<CLOSE>,<VOL>
ACHUSDTSWAP,60,20250531,190000,0.02144,0.02174,0.02137,0.0216,743.39
ACHUSDTSWAP,60,20250531,200000,0.02159,0.02166,0.0215,0.02153,238.72
ACHUSDTSWAP,60,20250531,210000,0.02153,0.02165,0.0215,0.02154,607.43
ACHUSDTSWAP,60,20250531,220000,0.02155,0.0217,0.02154,0.02164,290.04
ACHUSDTSWAP,60,20250531,230000,0.02166,0.02189,0.02166,0.02182,577.74
ACHUSDTSWAP,60,20250601,000000,0.02182,0.02204,0.02175,0.02194,830.25
ACHUSDTSWAP,60,20250601,010000,0.02195,0.02215,0.02187,0.02196,527.52
ACHUSDTSWAP,60,20250601,020000,0.02195,0.02202,0.0218,0.02184,469.01
ACHUSDTSWAP,60,20250601,030000,0.02184,0.02184,0.02163,0.02171,559.87
ACHUSDTSWAP,60,20250601,040000,0.02173,0.02182,0.02153,0.02155,704.99
ACHUSDTSWAP,60,20250601,050000,0.02158,0.02163,0.02141,0.0216,442.86
ACHUSDTSWAP,60,20250601,060000,0.0216,0.02162,0.02142,0.02155,178.18
ACHUSDTSWAP,60,20250601,070000,0.02156,0.02173,0.02149,0.02165,446.7
ACHUSDTSWAP,60,20250601,080000,0.02166,0.02175,0.02164,0.02172,145.34
ACHUSDTSWAP,60,20250601,090000,0.02172,0.02176,0.02162,0.02165,211.14
ACHUSDTSWAP,60,20250601,100000,0.02164,0.02168,0.02154,0.02161,392.94
ACHUSDTSWAP,60,20250601,110000,0.02161,0.02164,0.02141,0.02145,279.74
ACHUSDTSWAP,60,20250601,120000,0.02146,0.02149,0.02109,0.0212,526.37
ACHUSDTSWAP,60,20250601,130000,0.02122,0.02136,0.02117,0.02135,209.99
ACHUSDTSWAP,60,20250601,140000,0.02135,0.02168,0.02129,0.02154,645.88
ACHUSDTSWAP,60,20250601,150000,0.02154,0.02154,0.02126,0.02141,1005.44
ACHUSDTSWAP,60,20250601,160000,0.0214,0.02172,0.02139,0.0216,648.91
ACHUSDTSWAP,60,20250601,170000,0.0216,0.02194,0.0216,0.02178,735.67
ACHUSDTSWAP,60,20250601,180000,0.02179,0.02185,0.02175,0.0218,339.97
ACHUSDTSWAP,60,20250601,190000,0.02178,0.02207,0.02175,0.02189,1064.17
ACHUSDTSWAP,60,20250601,200000,0.0219,0.02201,0.02184,0.02193,529.87
ACHUSDTSWAP,60,20250601,210000,0.02192,0.02192,0.02164,0.02182,564.42
ACHUSDTSWAP,60,20250601,220000,0.02184,0.02191,0.02182,0.02186,379.8
ACHUSDTSWAP,60,20250601,230000,0.02188,0.02203,0.02183,0.02189,303.78
ACHUSDTSWAP,60,20250602,000000,0.02189,0.02203,0.02184,0.02203,397.06
ACHUSDTSWAP,60,20250602,010000,0.02203,0.02213,0.02199,0.02203,232.64
ACHUSDTSWAP,60,20250602,020000,0.02204,0.02213,0.02198,0.02201,216.94
ACHUSDTSWAP,60,20250602,030000,0.02203,0.02214,0.02195,0.02202,490.83
ACHUSDTSWAP,60,20250602,040000,0.02203,0.02212,0.02194,0.02194,202.24
ACHUSDTSWAP,60,20250602,050000,0.02194,0.02194,0.02171,0.02176,1044.3
ACHUSDTSWAP,60,20250602,060000,0.02176,0.0218,0.0216,0.02172,318.22
ACHUSDTSWAP,60,20250602,070000,0.02171,0.02185,0.02167,0.02171,426.78
ACHUSDTSWAP,60,20250602,080000,0.0217,0.02181,0.0216,0.02172,189.46
ACHUSDTSWAP,60,20250602,090000,0.02171,0.02191,0.02163,0.02182,230.19
ACHUSDTSWAP,60,20250602,100000,0.02182,0.02203,0.02181,0.02184,599.22
ACHUSDTSWAP,60,20250602,110000,0.02184,0.02195,0.02171,0.02181,803.76
ACHUSDTSWAP,60,20250602,120000,0.02182,0.02183,0.02163,0.02165,161.32
ACHUSDTSWAP,60,20250602,130000,0.02164,0.02172,0.02155,0.02166,433.02
ACHUSDTSWAP,60,20250602,140000,0.02166,0.02181,0.02159,0.02169,500.8
ACHUSDTSWAP,60,20250602,150000,0.0217,0.02193,0.0216,0.02185,375.15
ACHUSDTSWAP,60,20250602,160000,0.02187,0.02203,0.02172,0.02174,1490.07
ACHUSDTSWAP,60,20250602,170000,0.02174,0.02189,0.02155,0.02163,1701.07
ACHUSDTSWAP,60,20250602,180000,0.02164,0.02185,0.02163,0.02177,563.38
ACHUSDTSWAP,60,20250602,190000,0.02179,0.0218,0.0216,0.02176,408.63
ACHUSDTSWAP,60,20250602,200000,0.02175,0.02178,0.02161,0.02172,185.31
ACHUSDTSWAP,60,20250602,210000,0.02171,0.02185,0.02164,0.02166,360.93
ACHUSDTSWAP,60,20250602,220000,0.02167,0.02172,0.02138,0.02157,377.51
ACHUSDTSWAP,60,20250602,230000,0.0216,0.02187,0.02156,0.0218,736.04
ACHUSDTSWAP,60,20250603,000000,0.02181,0.02197,0.0218,0.02197,306.76
ACHUSDTSWAP,60,20250603,010000,0.02198,0.0222,0.02198,0.0221,326.34
ACHUSDTSWAP,60,20250603,020000,0.0221,0.02219,0.02207,0.02208,557.27
ACHUSDTSWAP,60,20250603,030000,0.02208,0.02229,0.02205,0.02222,525.0
ACHUSDTSWAP,60,20250603,040000,0.02222,0.02238,0.02219,0.02236,364.05
ACHUSDTSWAP,60,20250603,050000,0.02235,0.02238,0.02207,0.02207,552.31
ACHUSDTSWAP,60,20250603,060000,0.02206,0.02209,0.0219,0.02197,624.1
ACHUSDTSWAP,60,20250603,070000,0.02197,0.02198,0.02185,0.02189,342.36
ACHUSDTSWAP,60,20250603,080000,0.0219,0.02212,0.0219,0.02211,258.09
ACHUSDTSWAP,60,20250603,090000,0.02211,0.02215,0.02202,0.02214,487.84
ACHUSDTSWAP,60,20250603,100000,0.02215,0.02216,0.02203,0.02203,193.46
ACHUSDTSWAP,60,20250603,110000,0.02204,0.02207,0.02187,0.022,230.34
ACHUSDTSWAP,60,20250603,120000,0.02201,0.02211,0.02194,0.02208,187.15
ACHUSDTSWAP,60,20250603,130000,0.02209,0.02212,0.02201,0.02204,97.68
ACHUSDTSWAP,60,20250603,140000,0.02206,0.02211,0.02195,0.02199,231.03
ACHUSDTSWAP,60,20250603,150000,0.02201,0.02211,0.02196,0.02205,196.73
ACHUSDTSWAP,60,20250603,160000,0.02207,0.02224,0.02202,0.02209,682.18
ACHUSDTSWAP,60,20250603,170000,0.02209,0.02232,0.02197,0.02232,472.59
ACHUSDTSWAP,60,20250603,180000,0.02232,0.02234,0.02221,0.02225,1426.29
ACHUSDTSWAP,60,20250603,190000,0.02227,0.02232,0.02215,0.02218,802.25
ACHUSDTSWAP,60,20250603,200000,0.02219,0.02234,0.02214,0.0223,293.09
ACHUSDTSWAP,60,20250603,210000,0.0223,0.02231,0.02212,0.02224,320.72
ACHUSDTSWAP,60,20250603,220000,0.02222,0.02236,0.0222,0.02225,173.12
ACHUSDTSWAP,60,20250603,230000,0.02226,0.0223,0.02186,0.022,404.04
ACHUSDTSWAP,60,20250604,000000,0.02199,0.02201,0.02169,0.02179,375.61
ACHUSDTSWAP,60,20250604,010000,0.02176,0.02196,0.02176,0.02191,182.13
ACHUSDTSWAP,60,20250604,020000,0.0219,0.02193,0.0218,0.02186,164.38
ACHUSDTSWAP,60,20250604,030000,0.02187,0.02199,0.02176,0.02199,185.83
ACHUSDTSWAP,60,20250604,040000,0.02199,0.02214,0.02198,0.02202,305.7
ACHUSDTSWAP,60,20250604,050000,0.02203,0.02211,0.02191,0.02191,142.09
ACHUSDTSWAP,60,20250604,060000,0.02192,0.02209,0.0219,0.022,417.53
ACHUSDTSWAP,60,20250604,070000,0.02201,0.02203,0.02187,0.02196,283.73
ACHUSDTSWAP,60,20250604,080000,0.02196,0.02201,0.02189,0.02189,339.59
ACHUSDTSWAP,60,20250604,090000,0.02189,0.02192,0.0218,0.02183,233.39
ACHUSDTSWAP,60,20250604,100000,0.02185,0.02188,0.02172,0.02175,326.55
ACHUSDTSWAP,60,20250604,110000,0.02175,0.02188,0.02175,0.02178,150.36
ACHUSDTSWAP,60,20250604,120000,0.02179,0.0218,0.02164,0.02178,267.3
ACHUSDTSWAP,60,20250604,130000,0.02179,0.0218,0.02159,0.0216,437.59
ACHUSDTSWAP,60,20250604,140000,0.0216,0.02163,0.02146,0.02149,290.39
ACHUSDTSWAP,60,20250604,150000,0.02148,0.02155,0.02132,0.02139,603.57
ACHUSDTSWAP,60,20250604,160000,0.02137,0.0215,0.02129,0.02138,472.47
ACHUSDTSWAP,60,20250604,170000,0.02137,0.0215,0.02121,0.0215,651.17
ACHUSDTSWAP,60,20250604,180000,0.02151,0.02169,0.02148,0.02165,536.93
ACHUSDTSWAP,60,20250604,190000,0.02165,0.02167,0.02153,0.02162,464.83
ACHUSDTSWAP,60,20250604,200000,0.02163,0.02163,0.02134,0.02141,272.93
ACHUSDTSWAP,60,20250604,210000,0.02143,0.0215,0.02137,0.02137,126.8
ACHUSDTSWAP,60,20250604,220000,0.02137,0.02145,0.02135,0.02142,125.98