<TICKER>,<PER>,<DATE>,<TIME>,<OPEN>,<HIGH>,<LOW>,<CLOSE>,<VOL>
ADAUSDTSWAP,1440,20250225,030000,0.6815,0.6951,0.6303,0.6831,2480502.85
ADAUSDTSWAP,1440,20250226,030000,0.6832,0.6954,0.6311,0.6474,1585067.31
ADAUSDTSWAP,1440,20250227,030000,0.6474,0.6797,0.626,0.6451,901748.76
ADAUSDTSWAP,1440,20250228,030000,0.6452,0.6465,0.5801,0.6328,1950014.22
ADAUSDTSWAP,1440,20250301,030000,0.6329,0.6769,0.6252,0.6593,811412.55
ADAUSDTSWAP,1440,20250302,030000,0.6593,1.1487,0.6449,1.1348,14025597.06
ADAUSDTSWAP,1440,20250303,030000,1.1348,1.177,0.8221,0.8574,23029387.1
ADAUSDTSWAP,1440,20250304,030000,0.8574,0.9558,0.7571,0.9407,14427310.32
ADAUSDTSWAP,1440,20250305,030000,0.9407,1.0277,0.9131,0.9739,8943149.86
ADAUSDTSWAP,1440,20250306,030000,0.974,0.9885,0.8852,0.9063,6837359.81
ADAUSDTSWAP,1440,20250307,030000,0.9062,0.9209,0.8054,0.818,9889976.45
ADAUSDTSWAP,1440,20250308,030000,0.8179,0.8389,0.7926,0.805,2773266.13
ADAUSDTSWAP,1440,20250309,030000,0.805,0.8177,0.7087,0.7212,4121569.97
ADAUSDTSWAP,1440,20250310,030000,0.7213,0.7785,0.6582,0.6712,4224862.2
ADAUSDTSWAP,1440,20250311,030000,0.6713,0.7443,0.6466,0.7239,3964203.59
ADAUSDTSWAP,1440,20250312,030000,0.7239,0.7688,0.7109,0.7358,2768781.77
ADAUSDTSWAP,1440,20250313,030000,0.7358,0.7424,0.69,0.7028,2515834.7
ADAUSDTSWAP,1440,20250314,030000,0.7029,0.7512,0.6965,0.7375,1913573.48
ADAUSDTSWAP,1440,20250315,030000,0.7374,0.7595,0.7307,0.7467,1060824.38
ADAUSDTSWAP,1440,20250316,030000,0.7466,0.7473,0.6931,0.7047,1809037.93
ADAUSDTSWAP,1440,20250317,030000,0.7046,0.7304,0.7023,0.7174,1339202.43
ADAUSDTSWAP,1440,20250318,030000,0.7175,0.7185,0.6814,0.7014,1351783.2
ADAUSDTSWAP,1440,20250319,030000,0.7014,0.747,0.7002,0.7436,1887188.17
ADAUSDTSWAP,1440,20250320,030000,0.7436,0.7553,0.7118,0.7177,1541957.44
ADAUSDTSWAP,1440,20250321,030000,0.7177,0.7278,0.7006,0.7047,907003.93
ADAUSDTSWAP,1440,20250322,030000,0.7047,0.716,0.6968,0.7013,569920.06
ADAUSDTSWAP,1440,20250323,030000,0.7012,0.7161,0.6916,0.7106,740713.53
ADAUSDTSWAP,1440,20250324,030000,0.7107,0.7451,0.7055,0.732,1239394.56
ADAUSDTSWAP,1440,20250325,030000,0.732,0.7663,0.7207,0.7447,1862187.14
ADAUSDTSWAP,1440,20250326,030000,0.7447,0.7746,0.7194,0.7286,1594553.87
ADAUSDTSWAP,1440,20250327,030000,0.7286,0.7443,0.7206,0.7382,896694.65
ADAUSDTSWAP,1440,20250328,030000,0.738,0.7465,0.6891,0.706,1330433.71
ADAUSDTSWAP,1440,20250329,030000,0.7062,0.712,0.6585,0.6731,1117748.36
ADAUSDTSWAP,1440,20250330,030000,0.6732,0.6874,0.651,0.6612,865813.09
ADAUSDTSWAP,1440,20250331,030000,0.6612,0.6655,0.6293,0.6617,1606795.21
ADAUSDTSWAP,1440,20250401,030000,0.6616,0.6947,0.6577,0.6772,1052875.53
ADAUSDTSWAP,1440,20250402,030000,0.6772,0.7102,0.6346,0.6399,2025690.14
ADAUSDTSWAP,1440,20250403,030000,0.6398,0.6574,0.6127,0.6507,1094163.69
ADAUSDTSWAP,1440,20250404,030000,0.6508,0.6721,0.6274,0.6603,1936342.1
ADAUSDTSWAP,1440,20250405,030000,0.6603,0.6676,0.6449,0.6548,600997.73
ADAUSDTSWAP,1440,20250406,030000,0.655,0.6554,0.5596,0.5736,1770469.19
ADAUSDTSWAP,1440,20250407,030000,0.5735,0.6056,0.511,0.5861,4298371.55
ADAUSDTSWAP,1440,20250408,030000,0.5862,0.6207,0.5528,0.5584,2593304.42
ADAUSDTSWAP,1440,20250409,030000,0.5584,0.6464,0.5367,0.6316,2918407.41
ADAUSDTSWAP,1440,20250410,030000,0.6316,0.6338,0.5856,0.6094,1699356.75
ADAUSDTSWAP,1440,20250411,030000,0.6093,0.6451,0.606,0.6238,1391870.91
ADAUSDTSWAP,1440,20250412,030000,0.6237,0.6676,0.6168,0.6595,1050526.29
ADAUSDTSWAP,1440,20250413,030000,0.6596,0.6688,0.6295,0.6382,1043909.87
ADAUSDTSWAP,1440,20250414,030000,0.6383,0.6577,0.6276,0.6351,1177759.63
ADAUSDTSWAP,1440,20250415,030000,0.6351,0.6486,0.6069,0.6089,1233296.94
ADAUSDTSWAP,1440,20250416,030000,0.6089,0.6245,0.5945,0.6106,905817.3
ADAUSDTSWAP,1440,20250417,030000,0.6106,0.6298,0.6088,0.6167,665066.07
ADAUSDTSWAP,1440,20250418,030000,0.6168,0.6321,0.6103,0.6276,607525.55
ADAUSDTSWAP,1440,20250419,030000,0.6276,0.6351,0.6189,0.6281,469583.63
ADAUSDTSWAP,1440,20250420,030000,0.6281,0.6349,0.6095,0.6202,555949.21
ADAUSDTSWAP,1440,20250421,030000,0.6203,0.6511,0.6157,0.6242,1028313.92
ADAUSDTSWAP,1440,20250422,030000,0.6242,0.6849,0.6151,0.6795,1297105.2
ADAUSDTSWAP,1440,20250423,030000,0.6795,0.7186,0.6775,0.6977,1507866.15
ADAUSDTSWAP,1440,20250424,030000,0.6977,0.746,0.6698,0.7217,1912194.41
ADAUSDTSWAP,1440,20250425,030000,0.7216,0.7333,0.7016,0.7131,1661161.16
ADAUSDTSWAP,1440,20250426,030000,0.7132,0.7343,0.6991,0.7064,1050837.37
ADAUSDTSWAP,1440,20250427,030000,0.7065,0.7175,0.6902,0.7028,1006019.69
ADAUSDTSWAP,1440,20250428,030000,0.7028,0.7288,0.6814,0.7051,1763477.5
ADAUSDTSWAP,1440,20250429,030000,0.7052,0.7178,0.6882,0.6953,1141700.25
ADAUSDTSWAP,1440,20250430,030000,0.6952,0.7034,0.6638,0.6811,972002.22
ADAUSDTSWAP,1440,20250501,030000,0.6812,0.7144,0.681,0.7045,961294.52
ADAUSDTSWAP,1440,20250502,030000,0.7046,0.7253,0.6883,0.6979,1233770.24
ADAUSDTSWAP,1440,20250503,030000,0.6978,0.7296,0.6912,0.699,1572721.39
ADAUSDTSWAP,1440,20250504,030000,0.6989,0.7143,0.6711,0.6757,1395954.83
ADAUSDTSWAP,1440,20250505,030000,0.6756,0.6916,0.6535,0.6617,1448190.42
ADAUSDTSWAP,1440,20250506,030000,0.6618,0.6805,0.642,0.6785,1368518.15
ADAUSDTSWAP,1440,20250507,030000,0.6785,0.6888,0.6546,0.6711,1081833.99
ADAUSDTSWAP,1440,20250508,030000,0.6712,0.7709,0.6696,0.7693,1745354.65
ADAUSDTSWAP,1440,20250509,030000,0.7693,0.818,0.7532,0.7772,2201916.62
ADAUSDTSWAP,1440,20250510,030000,0.7772,0.8432,0.7699,0.8404,1811234.13
ADAUSDTSWAP,1440,20250511,030000,0.8404,0.8467,0.7809,0.805,1466394.63
ADAUSDTSWAP,1440,20250512,030000,0.8051,0.8639,0.7793,0.8167,2689050.02
ADAUSDTSWAP,1440,20250513,030000,0.8166,0.8417,0.771,0.8297,1705370.7
ADAUSDTSWAP,1440,20250514,030000,0.8297,0.8335,0.7883,0.798,1845937.8
ADAUSDTSWAP,1440,20250515,030000,0.7981,0.8099,0.744,0.7621,1896963.35
ADAUSDTSWAP,1440,20250516,030000,0.7621,0.7855,0.7496,0.7582,1016430.22
ADAUSDTSWAP,1440,20250517,030000,0.7583,0.781,0.726,0.7423,1763635.86
ADAUSDTSWAP,1440,20250518,030000,0.7423,0.7765,0.7164,0.7592,1374063.29
ADAUSDTSWAP,1440,20250519,030000,0.7593,0.7647,0.7095,0.7421,1300622.13
ADAUSDTSWAP,1440,20250520,030000,0.7421,0.7533,0.7221,0.7456,985725.49
ADAUSDTSWAP,1440,20250521,030000,0.7457,0.7837,0.7362,0.7689,1401554.93
ADAUSDTSWAP,1440,20250522,030000,0.769,0.8107,0.7683,0.809,1069291.89
ADAUSDTSWAP,1440,20250523,030000,0.8091,0.8414,0.7425,0.7468,2263829.36
ADAUSDTSWAP,1440,20250524,030000,0.7468,0.7663,0.7405,0.7463,715623.71
ADAUSDTSWAP,1440,20250525,030000,0.7463,0.76,0.7272,0.7594,997536.3
ADAUSDTSWAP,1440,20250526,030000,0.7595,0.7767,0.7504,0.76,857439.27
ADAUSDTSWAP,1440,20250527,030000,0.7599,0.7753,0.7429,0.7579,1044114.53
ADAUSDTSWAP,1440,20250528,030000,0.7579,0.7609,0.7317,0.7472,902246.22
ADAUSDTSWAP,1440,20250529,030000,0.7473,0.765,0.719,0.7218,1011081.73
ADAUSDTSWAP,1440,20250530,030000,0.7215,0.7274,0.6813,0.6886,1598188.3
ADAUSDTSWAP,1440,20250531,030000,0.6885,0.6948,0.6551,0.6854,1141563.29
ADAUSDTSWAP,1440,20250601,030000,0.6855,0.6876,0.6536,0.685,821777.88
ADAUSDTSWAP,1440,20250602,030000,0.6851,0.6919,0.6632,0.6892,734496.94
ADAUSDTSWAP,1440,20250603,030000,0.6893,0.7069,0.6733,0.6833,857176.05
ADAUSDTSWAP,1440,20250604,030000,0.6835,0.7024,0.6715,0.6737,726888.51