<TICKER>,<PER>,<DATE>,<TIME>,<OPEN>,<HIGH>,<LOW>,<CLOSE>,<VOL>
AI16ZUSDTSWAP,3,20250604,172700,0.2265,0.2267,0.2259,0.2261,27688.27
AI16ZUSDTSWAP,3,20250604,173000,0.2262,0.2265,0.2258,0.226,21978.04
AI16ZUSDTSWAP,3,20250604,173300,0.2261,0.2271,0.2257,0.2262,33014.44
AI16ZUSDTSWAP,3,20250604,173600,0.2262,0.2264,0.2252,0.2253,11957.84
AI16ZUSDTSWAP,3,20250604,173900,0.2252,0.2264,0.2251,0.226,30303.36
AI16ZUSDTSWAP,3,20250604,174200,0.226,0.2265,0.2256,0.2265,26335.55
AI16ZUSDTSWAP,3,20250604,174500,0.2265,0.2272,0.2254,0.2271,36905.68
AI16ZUSDTSWAP,3,20250604,174800,0.2271,0.2283,0.2268,0.2268,137904.43
AI16ZUSDTSWAP,3,20250604,175100,0.2268,0.2274,0.2265,0.2274,17037.67
AI16ZUSDTSWAP,3,20250604,175400,0.2274,0.2287,0.2274,0.2285,40554.06
AI16ZUSDTSWAP,3,20250604,175700,0.2285,0.2296,0.228,0.2294,67485.42
AI16ZUSDTSWAP,3,20250604,180000,0.2294,0.2297,0.2283,0.2283,52607.61
AI16ZUSDTSWAP,3,20250604,180300,0.2284,0.2289,0.228,0.2284,28255.14
AI16ZUSDTSWAP,3,20250604,180600,0.2285,0.2319,0.2285,0.2298,142424.51
AI16ZUSDTSWAP,3,20250604,180900,0.2299,0.231,0.2298,0.2308,34087.5
AI16ZUSDTSWAP,3,20250604,181200,0.2308,0.231,0.2303,0.2306,44242.05
AI16ZUSDTSWAP,3,20250604,181500,0.2306,0.2333,0.2306,0.2327,132565.94
AI16ZUSDTSWAP,3,20250604,181800,0.2325,0.233,0.2318,0.2319,77021.21
AI16ZUSDTSWAP,3,20250604,182100,0.2319,0.2329,0.2313,0.2321,51613.75
AI16ZUSDTSWAP,3,20250604,182400,0.2321,0.2323,0.2316,0.2316,30726.33
AI16ZUSDTSWAP,3,20250604,182700,0.2317,0.2323,0.2315,0.2315,39999.3
AI16ZUSDTSWAP,3,20250604,183000,0.2316,0.2321,0.2306,0.2316,46913.82
AI16ZUSDTSWAP,3,20250604,183300,0.2318,0.2324,0.231,0.2311,20348.33
AI16ZUSDTSWAP,3,20250604,183600,0.2312,0.2328,0.2312,0.2327,209382.35
AI16ZUSDTSWAP,3,20250604,183900,0.2328,0.2334,0.2322,0.2331,57968.6
AI16ZUSDTSWAP,3,20250604,184200,0.2333,0.2338,0.2324,0.2327,69150.12
AI16ZUSDTSWAP,3,20250604,184500,0.2327,0.2331,0.2315,0.2315,68302.1
AI16ZUSDTSWAP,3,20250604,184800,0.2315,0.2321,0.2308,0.2312,62575.14
AI16ZUSDTSWAP,3,20250604,185100,0.2311,0.232,0.2308,0.2315,39054.28
AI16ZUSDTSWAP,3,20250604,185400,0.2314,0.2329,0.2313,0.2327,45303.03
AI16ZUSDTSWAP,3,20250604,185700,0.2325,0.2326,0.2309,0.2314,53203.21
AI16ZUSDTSWAP,3,20250604,190000,0.2315,0.2319,0.231,0.2312,24328.1
AI16ZUSDTSWAP,3,20250604,190300,0.2312,0.2316,0.2309,0.231,12873.45
AI16ZUSDTSWAP,3,20250604,190600,0.2309,0.231,0.2301,0.2303,39446.96
AI16ZUSDTSWAP,3,20250604,190900,0.2304,0.2312,0.2304,0.2308,15837.0
AI16ZUSDTSWAP,3,20250604,191200,0.2308,0.2312,0.2302,0.2304,16553.21
AI16ZUSDTSWAP,3,20250604,191500,0.2305,0.2306,0.229,0.229,48922.47
AI16ZUSDTSWAP,3,20250604,191800,0.2291,0.2298,0.2283,0.2298,79106.17
AI16ZUSDTSWAP,3,20250604,192100,0.2298,0.23,0.2291,0.2295,16544.45
AI16ZUSDTSWAP,3,20250604,192400,0.2294,0.2298,0.2288,0.229,19829.57
AI16ZUSDTSWAP,3,20250604,192700,0.2289,0.2293,0.2285,0.2286,19022.05
AI16ZUSDTSWAP,3,20250604,193000,0.2285,0.2293,0.228,0.2293,35267.83
AI16ZUSDTSWAP,3,20250604,193300,0.2293,0.2301,0.2291,0.23,25753.37
AI16ZUSDTSWAP,3,20250604,193600,0.2299,0.2302,0.2295,0.2302,12132.74
AI16ZUSDTSWAP,3,20250604,193900,0.2302,0.2312,0.23,0.23,47669.36
AI16ZUSDTSWAP,3,20250604,194200,0.2301,0.2302,0.2294,0.2301,20085.43
AI16ZUSDTSWAP,3,20250604,194500,0.2301,0.2311,0.2299,0.2309,39335.13
AI16ZUSDTSWAP,3,20250604,194800,0.2309,0.2313,0.2305,0.2311,8754.57
AI16ZUSDTSWAP,3,20250604,195100,0.231,0.2311,0.2306,0.2311,31893.48
AI16ZUSDTSWAP,3,20250604,195400,0.2311,0.2316,0.2303,0.2305,30434.48
AI16ZUSDTSWAP,3,20250604,195700,0.2305,0.2305,0.2298,0.2305,18945.72
AI16ZUSDTSWAP,3,20250604,200000,0.2305,0.2307,0.229,0.229,11054.55
AI16ZUSDTSWAP,3,20250604,200300,0.2291,0.2297,0.2289,0.2296,9901.24
AI16ZUSDTSWAP,3,20250604,200600,0.2295,0.2296,0.2288,0.2294,15253.03
AI16ZUSDTSWAP,3,20250604,200900,0.2294,0.2294,0.2279,0.2279,26067.18
AI16ZUSDTSWAP,3,20250604,201200,0.2278,0.2284,0.2277,0.2283,28967.05
AI16ZUSDTSWAP,3,20250604,201500,0.2282,0.2284,0.2272,0.2274,25683.23
AI16ZUSDTSWAP,3,20250604,201800,0.2275,0.2281,0.2273,0.2281,12707.47
AI16ZUSDTSWAP,3,20250604,202100,0.2281,0.2284,0.2276,0.2279,7280.04
AI16ZUSDTSWAP,3,20250604,202400,0.2278,0.2283,0.2264,0.2267,56485.06
AI16ZUSDTSWAP,3,20250604,202700,0.2267,0.227,0.2261,0.2261,22564.13
AI16ZUSDTSWAP,3,20250604,203000,0.226,0.226,0.2241,0.2246,80335.09
AI16ZUSDTSWAP,3,20250604,203300,0.2246,0.2253,0.2238,0.2246,70408.96
AI16ZUSDTSWAP,3,20250604,203600,0.2245,0.2245,0.2236,0.2241,26324.2
AI16ZUSDTSWAP,3,20250604,203900,0.224,0.2245,0.2236,0.2242,34970.21
AI16ZUSDTSWAP,3,20250604,204200,0.2241,0.2241,0.2232,0.224,31687.07
AI16ZUSDTSWAP,3,20250604,204500,0.224,0.2246,0.2236,0.2237,29895.04
AI16ZUSDTSWAP,3,20250604,204800,0.2237,0.2249,0.2234,0.2239,28511.46
AI16ZUSDTSWAP,3,20250604,205100,0.2239,0.2247,0.2235,0.2247,26500.58
AI16ZUSDTSWAP,3,20250604,205400,0.2248,0.2252,0.2248,0.2249,9257.71
AI16ZUSDTSWAP,3,20250604,205700,0.2249,0.2256,0.2249,0.2256,20176.45
AI16ZUSDTSWAP,3,20250604,210000,0.2257,0.2273,0.2257,0.2269,44532.19
AI16ZUSDTSWAP,3,20250604,210300,0.2269,0.2276,0.2268,0.2272,16824.41
AI16ZUSDTSWAP,3,20250604,210600,0.2272,0.2272,0.2252,0.2255,27137.0
AI16ZUSDTSWAP,3,20250604,210900,0.2254,0.2266,0.2253,0.2265,9250.19
AI16ZUSDTSWAP,3,20250604,211200,0.2264,0.2269,0.2261,0.2267,9030.42
AI16ZUSDTSWAP,3,20250604,211500,0.2267,0.2271,0.2265,0.2266,7357.32
AI16ZUSDTSWAP,3,20250604,211800,0.2266,0.2276,0.2261,0.227,7097.34
AI16ZUSDTSWAP,3,20250604,212100,0.2271,0.2274,0.227,0.2273,36466.81
AI16ZUSDTSWAP,3,20250604,212400,0.2273,0.2279,0.2272,0.2278,35158.99
AI16ZUSDTSWAP,3,20250604,212700,0.2278,0.2281,0.2274,0.2274,29976.2
AI16ZUSDTSWAP,3,20250604,213000,0.2274,0.2276,0.2266,0.2269,12023.77
AI16ZUSDTSWAP,3,20250604,213300,0.2269,0.2269,0.2264,0.2267,11417.15
AI16ZUSDTSWAP,3,20250604,213600,0.2267,0.2268,0.2262,0.2263,15188.9
AI16ZUSDTSWAP,3,20250604,213900,0.2262,0.2262,0.2258,0.226,10217.91
AI16ZUSDTSWAP,3,20250604,214200,0.226,0.2272,0.226,0.227,9381.94
AI16ZUSDTSWAP,3,20250604,214500,0.2271,0.2271,0.2261,0.2265,7722.99
AI16ZUSDTSWAP,3,20250604,214800,0.2264,0.2267,0.2251,0.2252,52435.6
AI16ZUSDTSWAP,3,20250604,215100,0.2252,0.2253,0.2248,0.2251,9951.36
AI16ZUSDTSWAP,3,20250604,215400,0.225,0.2252,0.2242,0.2246,10781.55
AI16ZUSDTSWAP,3,20250604,215700,0.2247,0.2249,0.2242,0.2247,9508.85
AI16ZUSDTSWAP,3,20250604,220000,0.2247,0.2251,0.2245,0.2248,50838.6
AI16ZUSDTSWAP,3,20250604,220300,0.2247,0.2257,0.2247,0.2256,9069.12
AI16ZUSDTSWAP,3,20250604,220600,0.2256,0.2257,0.2247,0.2251,6540.14
AI16ZUSDTSWAP,3,20250604,220900,0.2252,0.2252,0.2242,0.2245,6846.76
AI16ZUSDTSWAP,3,20250604,221200,0.2246,0.2248,0.2242,0.2246,12245.42
AI16ZUSDTSWAP,3,20250604,221500,0.2246,0.2246,0.2235,0.2241,23683.17
AI16ZUSDTSWAP,3,20250604,221800,0.2242,0.225,0.2242,0.2247,8935.94
AI16ZUSDTSWAP,3,20250604,222100,0.2248,0.2252,0.2246,0.225,7919.93
AI16ZUSDTSWAP,3,20250604,222400,0.2249,0.2249,0.2245,0.2245,2465.8