<TICKER>,<PER>,<DATE>,<TIME>,<OPEN>,<HIGH>,<LOW>,<CLOSE>,<VOL>
AIDOGEUSDTSWAP,60,20250531,190000,0.0000000001254,0.0000000001284,0.0000000001248,0.000000000127,0.0
AIDOGEUSDTSWAP,60,20250531,200000,0.0000000001271,0.0000000001287,0.0000000001265,0.0000000001268,0.0
AIDOGEUSDTSWAP,60,20250531,210000,0.000000000127,0.000000000129,0.0000000001265,0.0000000001287,0.0
AIDOGEUSDTSWAP,60,20250531,220000,0.0000000001288,0.0000000001293,0.0000000001283,0.0000000001286,0.0
AIDOGEUSDTSWAP,60,20250531,230000,0.0000000001285,0.0000000001294,0.0000000001273,0.0000000001291,0.0
AIDOGEUSDTSWAP,60,20250601,000000,0.0000000001292,0.0000000001296,0.0000000001287,0.0000000001294,0.0
AIDOGEUSDTSWAP,60,20250601,010000,0.0000000001295,0.0000000001298,0.0000000001286,0.000000000129,0.0
AIDOGEUSDTSWAP,60,20250601,020000,0.0000000001289,0.0000000001303,0.0000000001281,0.0000000001289,0.0
AIDOGEUSDTSWAP,60,20250601,030000,0.0000000001289,0.0000000001296,0.0000000001271,0.0000000001283,0.0
AIDOGEUSDTSWAP,60,20250601,040000,0.0000000001283,0.0000000001297,0.0000000001265,0.0000000001275,0.0
AIDOGEUSDTSWAP,60,20250601,050000,0.0000000001276,0.0000000001288,0.0000000001252,0.0000000001279,0.0
AIDOGEUSDTSWAP,60,20250601,060000,0.000000000128,0.0000000001282,0.0000000001267,0.0000000001276,0.0
AIDOGEUSDTSWAP,60,20250601,070000,0.0000000001276,0.0000000001293,0.0000000001272,0.0000000001288,0.0
AIDOGEUSDTSWAP,60,20250601,080000,0.0000000001288,0.00000000013,0.0000000001287,0.0000000001292,0.0
AIDOGEUSDTSWAP,60,20250601,090000,0.0000000001292,0.0000000001295,0.0000000001282,0.0000000001284,0.0
AIDOGEUSDTSWAP,60,20250601,100000,0.0000000001284,0.0000000001285,0.0000000001274,0.0000000001282,0.0
AIDOGEUSDTSWAP,60,20250601,110000,0.0000000001282,0.0000000001284,0.0000000001271,0.0000000001275,0.0
AIDOGEUSDTSWAP,60,20250601,120000,0.0000000001276,0.000000000128,0.0000000001244,0.0000000001264,0.0
AIDOGEUSDTSWAP,60,20250601,130000,0.0000000001263,0.0000000001273,0.0000000001253,0.0000000001265,0.0
AIDOGEUSDTSWAP,60,20250601,140000,0.0000000001265,0.0000000001277,0.000000000126,0.0000000001273,0.0
AIDOGEUSDTSWAP,60,20250601,150000,0.0000000001275,0.000000000128,0.0000000001258,0.0000000001268,0.0
AIDOGEUSDTSWAP,60,20250601,160000,0.0000000001269,0.0000000001281,0.0000000001265,0.0000000001277,0.0
AIDOGEUSDTSWAP,60,20250601,170000,0.0000000001277,0.00000000013,0.0000000001274,0.000000000129,0.0
AIDOGEUSDTSWAP,60,20250601,180000,0.0000000001289,0.00000000013,0.0000000001285,0.0000000001292,0.0
AIDOGEUSDTSWAP,60,20250601,190000,0.0000000001292,0.0000000001304,0.0000000001289,0.0000000001295,0.0
AIDOGEUSDTSWAP,60,20250601,200000,0.0000000001296,0.0000000001297,0.0000000001289,0.0000000001291,0.0
AIDOGEUSDTSWAP,60,20250601,210000,0.0000000001291,0.0000000001291,0.0000000001266,0.0000000001277,0.0
AIDOGEUSDTSWAP,60,20250601,220000,0.0000000001278,0.0000000001285,0.0000000001275,0.0000000001285,0.0
AIDOGEUSDTSWAP,60,20250601,230000,0.0000000001284,0.0000000001296,0.0000000001278,0.0000000001287,0.0
AIDOGEUSDTSWAP,60,20250602,000000,0.0000000001287,0.0000000001307,0.0000000001285,0.0000000001302,0.0
AIDOGEUSDTSWAP,60,20250602,010000,0.0000000001301,0.000000000131,0.0000000001301,0.0000000001305,0.0
AIDOGEUSDTSWAP,60,20250602,020000,0.0000000001305,0.0000000001312,0.0000000001302,0.0000000001307,0.0
AIDOGEUSDTSWAP,60,20250602,030000,0.0000000001307,0.0000000001311,0.00000000013,0.0000000001304,0.0
AIDOGEUSDTSWAP,60,20250602,040000,0.0000000001305,0.0000000001315,0.0000000001291,0.0000000001295,0.0
AIDOGEUSDTSWAP,60,20250602,050000,0.0000000001295,0.0000000001296,0.0000000001279,0.0000000001281,0.0
AIDOGEUSDTSWAP,60,20250602,060000,0.0000000001282,0.0000000001284,0.0000000001265,0.0000000001273,0.0
AIDOGEUSDTSWAP,60,20250602,070000,0.0000000001275,0.000000000128,0.0000000001266,0.0000000001268,0.0
AIDOGEUSDTSWAP,60,20250602,080000,0.0000000001269,0.0000000001278,0.0000000001261,0.0000000001274,0.0
AIDOGEUSDTSWAP,60,20250602,090000,0.0000000001274,0.0000000001288,0.0000000001262,0.0000000001278,0.0
AIDOGEUSDTSWAP,60,20250602,100000,0.0000000001278,0.0000000001289,0.0000000001275,0.0000000001276,0.0
AIDOGEUSDTSWAP,60,20250602,110000,0.0000000001276,0.0000000001284,0.0000000001267,0.000000000127,0.0
AIDOGEUSDTSWAP,60,20250602,120000,0.000000000127,0.0000000001274,0.0000000001248,0.0000000001256,0.0
AIDOGEUSDTSWAP,60,20250602,130000,0.0000000001254,0.000000000126,0.0000000001244,0.0000000001255,0.0
AIDOGEUSDTSWAP,60,20250602,140000,0.0000000001255,0.0000000001261,0.0000000001248,0.0000000001256,0.0
AIDOGEUSDTSWAP,60,20250602,150000,0.0000000001256,0.000000000127,0.0000000001251,0.0000000001267,0.0
AIDOGEUSDTSWAP,60,20250602,160000,0.0000000001268,0.0000000001278,0.0000000001254,0.0000000001259,0.0
AIDOGEUSDTSWAP,60,20250602,170000,0.0000000001258,0.0000000001278,0.0000000001255,0.000000000127,0.0
AIDOGEUSDTSWAP,60,20250602,180000,0.0000000001271,0.0000000001288,0.0000000001263,0.0000000001279,0.0
AIDOGEUSDTSWAP,60,20250602,190000,0.0000000001279,0.0000000001297,0.0000000001265,0.0000000001276,0.0
AIDOGEUSDTSWAP,60,20250602,200000,0.0000000001276,0.0000000001282,0.0000000001269,0.0000000001278,0.0
AIDOGEUSDTSWAP,60,20250602,210000,0.0000000001279,0.0000000001295,0.0000000001278,0.0000000001284,0.0
AIDOGEUSDTSWAP,60,20250602,220000,0.0000000001283,0.0000000001285,0.000000000126,0.0000000001271,0.0
AIDOGEUSDTSWAP,60,20250602,230000,0.0000000001271,0.00000000013,0.0000000001271,0.0000000001299,0.0
AIDOGEUSDTSWAP,60,20250603,000000,0.0000000001299,0.0000000001311,0.0000000001298,0.000000000131,0.0
AIDOGEUSDTSWAP,60,20250603,010000,0.000000000131,0.0000000001324,0.000000000131,0.0000000001316,0.0
AIDOGEUSDTSWAP,60,20250603,020000,0.0000000001316,0.0000000001321,0.0000000001312,0.0000000001316,0.0
AIDOGEUSDTSWAP,60,20250603,030000,0.0000000001317,0.0000000001343,0.0000000001313,0.0000000001325,0.0
AIDOGEUSDTSWAP,60,20250603,040000,0.0000000001325,0.0000000001344,0.0000000001325,0.0000000001342,0.0
AIDOGEUSDTSWAP,60,20250603,050000,0.0000000001342,0.0000000001344,0.0000000001317,0.0000000001323,0.0
AIDOGEUSDTSWAP,60,20250603,060000,0.0000000001323,0.0000000001328,0.0000000001309,0.0000000001317,0.0
AIDOGEUSDTSWAP,60,20250603,070000,0.0000000001318,0.0000000001318,0.0000000001302,0.0000000001306,0.0
AIDOGEUSDTSWAP,60,20250603,080000,0.0000000001307,0.0000000001321,0.0000000001307,0.0000000001319,0.0
AIDOGEUSDTSWAP,60,20250603,090000,0.000000000132,0.0000000001321,0.0000000001312,0.000000000132,0.0
AIDOGEUSDTSWAP,60,20250603,100000,0.000000000132,0.0000000001322,0.0000000001308,0.000000000131,0.0
AIDOGEUSDTSWAP,60,20250603,110000,0.000000000131,0.0000000001314,0.0000000001298,0.0000000001309,0.0
AIDOGEUSDTSWAP,60,20250603,120000,0.0000000001309,0.0000000001321,0.0000000001303,0.0000000001318,0.0
AIDOGEUSDTSWAP,60,20250603,130000,0.0000000001319,0.0000000001324,0.0000000001314,0.0000000001319,0.0
AIDOGEUSDTSWAP,60,20250603,140000,0.000000000132,0.0000000001328,0.0000000001317,0.0000000001321,0.0
AIDOGEUSDTSWAP,60,20250603,150000,0.0000000001322,0.0000000001329,0.0000000001317,0.0000000001326,0.0
AIDOGEUSDTSWAP,60,20250603,160000,0.0000000001326,0.0000000001338,0.0000000001318,0.0000000001329,0.0
AIDOGEUSDTSWAP,60,20250603,170000,0.0000000001329,0.0000000001346,0.0000000001317,0.0000000001343,0.0
AIDOGEUSDTSWAP,60,20250603,180000,0.0000000001344,0.0000000001349,0.0000000001333,0.0000000001344,0.0
AIDOGEUSDTSWAP,60,20250603,190000,0.0000000001345,0.0000000001405,0.0000000001324,0.000000000133,0.0
AIDOGEUSDTSWAP,60,20250603,200000,0.0000000001328,0.0000000001356,0.0000000001326,0.0000000001346,0.0
AIDOGEUSDTSWAP,60,20250603,210000,0.0000000001347,0.0000000001353,0.0000000001339,0.0000000001346,0.0
AIDOGEUSDTSWAP,60,20250603,220000,0.0000000001347,0.0000000001365,0.0000000001346,0.0000000001357,0.0
AIDOGEUSDTSWAP,60,20250603,230000,0.0000000001358,0.0000000001359,0.0000000001332,0.0000000001345,0.0
AIDOGEUSDTSWAP,60,20250604,000000,0.0000000001345,0.0000000001348,0.000000000132,0.0000000001326,0.0
AIDOGEUSDTSWAP,60,20250604,010000,0.0000000001327,0.0000000001348,0.0000000001324,0.000000000134,0.0
AIDOGEUSDTSWAP,60,20250604,020000,0.0000000001341,0.0000000001341,0.0000000001325,0.0000000001328,0.0
AIDOGEUSDTSWAP,60,20250604,030000,0.0000000001328,0.0000000001336,0.0000000001313,0.0000000001333,0.0
AIDOGEUSDTSWAP,60,20250604,040000,0.0000000001334,0.0000000001353,0.0000000001331,0.0000000001349,0.0
AIDOGEUSDTSWAP,60,20250604,050000,0.0000000001349,0.0000000001363,0.0000000001341,0.0000000001344,0.0
AIDOGEUSDTSWAP,60,20250604,060000,0.0000000001345,0.0000000001365,0.0000000001344,0.0000000001357,0.0
AIDOGEUSDTSWAP,60,20250604,070000,0.0000000001357,0.0000000001362,0.0000000001345,0.0000000001352,0.0
AIDOGEUSDTSWAP,60,20250604,080000,0.0000000001353,0.0000000001358,0.0000000001345,0.0000000001349,0.0
AIDOGEUSDTSWAP,60,20250604,090000,0.0000000001349,0.0000000001352,0.0000000001339,0.0000000001343,0.0
AIDOGEUSDTSWAP,60,20250604,100000,0.0000000001344,0.0000000001349,0.000000000133,0.0000000001338,0.0
AIDOGEUSDTSWAP,60,20250604,110000,0.0000000001337,0.0000000001348,0.0000000001336,0.000000000134,0.0
AIDOGEUSDTSWAP,60,20250604,120000,0.000000000134,0.0000000001341,0.0000000001325,0.0000000001337,0.0
AIDOGEUSDTSWAP,60,20250604,130000,0.0000000001337,0.000000000134,0.0000000001326,0.0000000001328,0.0
AIDOGEUSDTSWAP,60,20250604,140000,0.0000000001328,0.0000000001332,0.0000000001317,0.0000000001321,0.0
AIDOGEUSDTSWAP,60,20250604,150000,0.0000000001322,0.0000000001326,0.0000000001303,0.0000000001311,0.0
AIDOGEUSDTSWAP,60,20250604,160000,0.000000000131,0.0000000001322,0.0000000001305,0.0000000001313,0.0
AIDOGEUSDTSWAP,60,20250604,170000,0.0000000001312,0.0000000001326,0.0000000001302,0.0000000001325,0.0
AIDOGEUSDTSWAP,60,20250604,180000,0.0000000001324,0.0000000001339,0.0000000001316,0.0000000001337,0.0
AIDOGEUSDTSWAP,60,20250604,190000,0.0000000001336,0.0000000001339,0.0000000001318,0.0000000001322,0.0
AIDOGEUSDTSWAP,60,20250604,200000,0.0000000001321,0.0000000001321,0.0000000001302,0.0000000001306,0.0
AIDOGEUSDTSWAP,60,20250604,210000,0.0000000001306,0.0000000001315,0.0000000001304,0.0000000001306,0.0
AIDOGEUSDTSWAP,60,20250604,220000,0.0000000001305,0.0000000001309,0.0000000001303,0.0000000001306,0.0