<TICKER>,<PER>,<DATE>,<TIME>,<OPEN>,<HIGH>,<LOW>,<CLOSE>,<VOL>
ALPHAUSDTSWAP,3,20250604,172700,0.02564,0.02566,0.02562,0.02562,5465.83
ALPHAUSDTSWAP,3,20250604,173000,0.02563,0.02567,0.02563,0.02566,5176.41
ALPHAUSDTSWAP,3,20250604,173300,0.02567,0.02571,0.02567,0.02569,11726.62
ALPHAUSDTSWAP,3,20250604,173600,0.02568,0.0257,0.02565,0.02568,13985.82
ALPHAUSDTSWAP,3,20250604,173900,0.02568,0.02575,0.02565,0.02572,4385.78
ALPHAUSDTSWAP,3,20250604,174200,0.02572,0.02573,0.0257,0.02572,316.28
ALPHAUSDTSWAP,3,20250604,174500,0.02573,0.02576,0.02571,0.02576,3137.08
ALPHAUSDTSWAP,3,20250604,174800,0.02577,0.02582,0.02573,0.02576,4574.38
ALPHAUSDTSWAP,3,20250604,175100,0.02575,0.02578,0.02574,0.02578,845.01
ALPHAUSDTSWAP,3,20250604,175400,0.02578,0.02586,0.02578,0.02586,3179.47
ALPHAUSDTSWAP,3,20250604,175700,0.02585,0.02587,0.02584,0.02586,4007.58
ALPHAUSDTSWAP,3,20250604,180000,0.02586,0.02587,0.02582,0.02583,988.01
ALPHAUSDTSWAP,3,20250604,180300,0.02584,0.02584,0.02578,0.02579,2411.57
ALPHAUSDTSWAP,3,20250604,180600,0.02579,0.02586,0.02579,0.02579,9647.47
ALPHAUSDTSWAP,3,20250604,180900,0.02581,0.02587,0.02581,0.02585,227.1
ALPHAUSDTSWAP,3,20250604,181200,0.02585,0.02588,0.02584,0.02586,7535.59
ALPHAUSDTSWAP,3,20250604,181500,0.02586,0.02598,0.02586,0.02596,1864.71
ALPHAUSDTSWAP,3,20250604,181800,0.02595,0.02597,0.02592,0.02592,1195.08
ALPHAUSDTSWAP,3,20250604,182100,0.02592,0.02601,0.0259,0.026,4247.95
ALPHAUSDTSWAP,3,20250604,182400,0.02598,0.02599,0.02597,0.02597,642.1
ALPHAUSDTSWAP,3,20250604,182700,0.02598,0.026,0.02595,0.02596,314.9
ALPHAUSDTSWAP,3,20250604,183000,0.02595,0.02603,0.02593,0.02601,1495.97
ALPHAUSDTSWAP,3,20250604,183300,0.02601,0.02605,0.026,0.026,637.09
ALPHAUSDTSWAP,3,20250604,183600,0.026,0.02611,0.02599,0.0261,9258.26
ALPHAUSDTSWAP,3,20250604,183900,0.02609,0.02611,0.02607,0.02611,1877.62
ALPHAUSDTSWAP,3,20250604,184200,0.02611,0.02614,0.0261,0.0261,956.38
ALPHAUSDTSWAP,3,20250604,184500,0.02612,0.02616,0.02608,0.02609,1252.92
ALPHAUSDTSWAP,3,20250604,184800,0.02609,0.0261,0.02606,0.02609,2567.99
ALPHAUSDTSWAP,3,20250604,185100,0.02609,0.02614,0.02609,0.02612,1391.01
ALPHAUSDTSWAP,3,20250604,185400,0.02612,0.02615,0.0261,0.02615,2565.85
ALPHAUSDTSWAP,3,20250604,185700,0.02615,0.02615,0.02608,0.0261,2791.88
ALPHAUSDTSWAP,3,20250604,190000,0.02611,0.02612,0.02608,0.02608,3334.14
ALPHAUSDTSWAP,3,20250604,190300,0.02607,0.02607,0.02602,0.02602,999.65
ALPHAUSDTSWAP,3,20250604,190600,0.02601,0.02603,0.02597,0.02598,1312.67
ALPHAUSDTSWAP,3,20250604,190900,0.02599,0.02607,0.02599,0.02607,1053.61
ALPHAUSDTSWAP,3,20250604,191200,0.02606,0.02608,0.02603,0.02605,303.96
ALPHAUSDTSWAP,3,20250604,191500,0.02605,0.02606,0.026,0.026,1366.19
ALPHAUSDTSWAP,3,20250604,191800,0.02601,0.02602,0.02598,0.02602,633.29
ALPHAUSDTSWAP,3,20250604,192100,0.02603,0.02603,0.02596,0.02598,523.41
ALPHAUSDTSWAP,3,20250604,192400,0.02596,0.02597,0.02592,0.02594,98.73
ALPHAUSDTSWAP,3,20250604,192700,0.02593,0.02595,0.02591,0.02592,767.48
ALPHAUSDTSWAP,3,20250604,193000,0.02591,0.02594,0.0259,0.02594,727.35
ALPHAUSDTSWAP,3,20250604,193300,0.02594,0.02598,0.02593,0.02598,1203.1
ALPHAUSDTSWAP,3,20250604,193600,0.02598,0.02599,0.02595,0.02596,1635.1
ALPHAUSDTSWAP,3,20250604,193900,0.02596,0.026,0.02596,0.02598,1904.5
ALPHAUSDTSWAP,3,20250604,194200,0.02597,0.02597,0.02592,0.02592,39.53
ALPHAUSDTSWAP,3,20250604,194500,0.02593,0.02594,0.02589,0.02592,2934.84
ALPHAUSDTSWAP,3,20250604,194800,0.02593,0.02595,0.02591,0.02594,772.82
ALPHAUSDTSWAP,3,20250604,195100,0.02595,0.02596,0.02594,0.02596,63.91
ALPHAUSDTSWAP,3,20250604,195400,0.02597,0.026,0.02596,0.02596,1031.5
ALPHAUSDTSWAP,3,20250604,195700,0.02595,0.02598,0.02594,0.02598,1211.71
ALPHAUSDTSWAP,3,20250604,200000,0.02597,0.02598,0.02589,0.02589,516.7
ALPHAUSDTSWAP,3,20250604,200300,0.0259,0.02592,0.02582,0.02588,6432.14
ALPHAUSDTSWAP,3,20250604,200600,0.02587,0.02588,0.02581,0.02584,1123.92
ALPHAUSDTSWAP,3,20250604,200900,0.02583,0.02584,0.02579,0.02581,4015.74
ALPHAUSDTSWAP,3,20250604,201200,0.02581,0.02584,0.02581,0.02582,300.66
ALPHAUSDTSWAP,3,20250604,201500,0.02581,0.02581,0.02567,0.02572,15324.95
ALPHAUSDTSWAP,3,20250604,201800,0.02572,0.02575,0.02569,0.02569,4225.74
ALPHAUSDTSWAP,3,20250604,202100,0.02571,0.02574,0.0257,0.02573,147.22
ALPHAUSDTSWAP,3,20250604,202400,0.02573,0.02574,0.02565,0.02568,1548.95
ALPHAUSDTSWAP,3,20250604,202700,0.02569,0.0257,0.02565,0.02565,1062.87
ALPHAUSDTSWAP,3,20250604,203000,0.02565,0.02565,0.02553,0.02554,5774.99
ALPHAUSDTSWAP,3,20250604,203300,0.02555,0.02555,0.02539,0.02551,54546.85
ALPHAUSDTSWAP,3,20250604,203600,0.0255,0.0255,0.02543,0.0255,5880.22
ALPHAUSDTSWAP,3,20250604,203900,0.02551,0.02554,0.02548,0.02548,13757.52
ALPHAUSDTSWAP,3,20250604,204200,0.02551,0.02552,0.02547,0.02548,238.7
ALPHAUSDTSWAP,3,20250604,204500,0.02547,0.02551,0.02547,0.02548,1352.3
ALPHAUSDTSWAP,3,20250604,204800,0.02548,0.02554,0.02546,0.02551,4470.19
ALPHAUSDTSWAP,3,20250604,205100,0.02551,0.02553,0.02549,0.02553,355.81
ALPHAUSDTSWAP,3,20250604,205400,0.02554,0.0256,0.02553,0.02557,2616.14
ALPHAUSDTSWAP,3,20250604,205700,0.02557,0.02558,0.02556,0.02558,1556.98
ALPHAUSDTSWAP,3,20250604,210000,0.02558,0.02564,0.02558,0.02562,2649.68
ALPHAUSDTSWAP,3,20250604,210300,0.02562,0.02566,0.02562,0.02565,862.73
ALPHAUSDTSWAP,3,20250604,210600,0.02564,0.02566,0.02558,0.02558,2012.56
ALPHAUSDTSWAP,3,20250604,210900,0.02558,0.02563,0.02557,0.02563,985.73
ALPHAUSDTSWAP,3,20250604,211200,0.02564,0.02565,0.02563,0.02564,402.27
ALPHAUSDTSWAP,3,20250604,211500,0.02565,0.02567,0.02564,0.02567,2580.31
ALPHAUSDTSWAP,3,20250604,211800,0.02564,0.02564,0.02561,0.02562,7041.46
ALPHAUSDTSWAP,3,20250604,212100,0.02562,0.02562,0.0256,0.02562,2016.68
ALPHAUSDTSWAP,3,20250604,212400,0.02561,0.02564,0.02561,0.02564,1921.24
ALPHAUSDTSWAP,3,20250604,212700,0.02564,0.02566,0.02563,0.02564,3551.04
ALPHAUSDTSWAP,3,20250604,213000,0.02564,0.02567,0.02561,0.02562,4575.74
ALPHAUSDTSWAP,3,20250604,213300,0.02561,0.02562,0.02555,0.02556,3895.46
ALPHAUSDTSWAP,3,20250604,213600,0.02558,0.02559,0.02557,0.02557,781.09
ALPHAUSDTSWAP,3,20250604,213900,0.02556,0.02558,0.02554,0.02558,1091.87
ALPHAUSDTSWAP,3,20250604,214200,0.02557,0.02563,0.02556,0.02563,1361.5
ALPHAUSDTSWAP,3,20250604,214500,0.02563,0.02564,0.02561,0.02563,1024.17
ALPHAUSDTSWAP,3,20250604,214800,0.02563,0.02565,0.02557,0.02558,4059.69
ALPHAUSDTSWAP,3,20250604,215100,0.02557,0.02558,0.02554,0.02556,1195.45
ALPHAUSDTSWAP,3,20250604,215400,0.02555,0.02556,0.0255,0.02552,504.15
ALPHAUSDTSWAP,3,20250604,215700,0.02552,0.02554,0.02552,0.02554,1354.6
ALPHAUSDTSWAP,3,20250604,220000,0.02552,0.02553,0.0255,0.0255,774.38
ALPHAUSDTSWAP,3,20250604,220300,0.02551,0.02558,0.0255,0.02556,2033.3
ALPHAUSDTSWAP,3,20250604,220600,0.02557,0.02557,0.0255,0.02551,246.83
ALPHAUSDTSWAP,3,20250604,220900,0.02551,0.02551,0.02544,0.02548,6973.31
ALPHAUSDTSWAP,3,20250604,221200,0.02549,0.02552,0.02548,0.02548,2001.81
ALPHAUSDTSWAP,3,20250604,221500,0.02548,0.02549,0.02542,0.02544,1572.63
ALPHAUSDTSWAP,3,20250604,221800,0.02544,0.02551,0.02544,0.02549,2655.91
ALPHAUSDTSWAP,3,20250604,222100,0.02549,0.02553,0.02549,0.02553,1012.08
ALPHAUSDTSWAP,3,20250604,222400,0.02553,0.02553,0.02549,0.02553,983.42