<TICKER>,<PER>,<DATE>,<TIME>,<OPEN>,<HIGH>,<LOW>,<CLOSE>,<VOL>
ALPHAUSDTSWAP,60,20250531,190000,0.02464,0.02495,0.02455,0.02483,89298.76
ALPHAUSDTSWAP,60,20250531,200000,0.02484,0.02489,0.02463,0.02466,25932.49
ALPHAUSDTSWAP,60,20250531,210000,0.02464,0.02494,0.02459,0.02491,66161.18
ALPHAUSDTSWAP,60,20250531,220000,0.02491,0.02505,0.02485,0.0249,42475.54
ALPHAUSDTSWAP,60,20250531,230000,0.02492,0.02508,0.02484,0.02503,39630.97
ALPHAUSDTSWAP,60,20250601,000000,0.02505,0.02526,0.02505,0.02516,57367.93
ALPHAUSDTSWAP,60,20250601,010000,0.02514,0.02518,0.02497,0.02499,52712.22
ALPHAUSDTSWAP,60,20250601,020000,0.025,0.02516,0.02485,0.0249,49106.38
ALPHAUSDTSWAP,60,20250601,030000,0.02492,0.02506,0.02473,0.02494,73089.64
ALPHAUSDTSWAP,60,20250601,040000,0.02494,0.0251,0.02477,0.02483,50613.19
ALPHAUSDTSWAP,60,20250601,050000,0.02482,0.02492,0.02457,0.02479,89342.84
ALPHAUSDTSWAP,60,20250601,060000,0.0248,0.02484,0.02461,0.02481,33191.9
ALPHAUSDTSWAP,60,20250601,070000,0.02481,0.02509,0.02472,0.02501,74394.22
ALPHAUSDTSWAP,60,20250601,080000,0.02501,0.02524,0.025,0.0252,55552.91
ALPHAUSDTSWAP,60,20250601,090000,0.02518,0.02531,0.02506,0.0251,34421.94
ALPHAUSDTSWAP,60,20250601,100000,0.02511,0.02519,0.02501,0.02511,44689.57
ALPHAUSDTSWAP,60,20250601,110000,0.0251,0.02512,0.0248,0.02486,55074.87
ALPHAUSDTSWAP,60,20250601,120000,0.02486,0.02494,0.02429,0.02448,103432.94
ALPHAUSDTSWAP,60,20250601,130000,0.02447,0.02466,0.02442,0.02465,54291.54
ALPHAUSDTSWAP,60,20250601,140000,0.02464,0.02493,0.02458,0.02479,55050.59
ALPHAUSDTSWAP,60,20250601,150000,0.0248,0.02489,0.02451,0.02468,76835.81
ALPHAUSDTSWAP,60,20250601,160000,0.02468,0.02511,0.02463,0.02496,121942.45
ALPHAUSDTSWAP,60,20250601,170000,0.02496,0.02536,0.02496,0.02521,134189.0
ALPHAUSDTSWAP,60,20250601,180000,0.02522,0.0254,0.02514,0.02525,61179.48
ALPHAUSDTSWAP,60,20250601,190000,0.02526,0.02552,0.02516,0.02524,185344.97
ALPHAUSDTSWAP,60,20250601,200000,0.02523,0.02537,0.02515,0.02521,37978.11
ALPHAUSDTSWAP,60,20250601,210000,0.02521,0.02524,0.02473,0.02495,90268.44
ALPHAUSDTSWAP,60,20250601,220000,0.02496,0.02509,0.02488,0.02491,147924.34
ALPHAUSDTSWAP,60,20250601,230000,0.02491,0.02503,0.02474,0.02492,74997.21
ALPHAUSDTSWAP,60,20250602,000000,0.02492,0.02521,0.02487,0.02515,60156.33
ALPHAUSDTSWAP,60,20250602,010000,0.02516,0.02531,0.02507,0.02508,36810.74
ALPHAUSDTSWAP,60,20250602,020000,0.02509,0.02526,0.02504,0.02512,76444.16
ALPHAUSDTSWAP,60,20250602,030000,0.02512,0.02524,0.02503,0.02513,62114.53
ALPHAUSDTSWAP,60,20250602,040000,0.02514,0.02529,0.02499,0.025,53065.01
ALPHAUSDTSWAP,60,20250602,050000,0.02501,0.02502,0.0248,0.02483,76642.17
ALPHAUSDTSWAP,60,20250602,060000,0.02484,0.02484,0.0246,0.02467,100747.31
ALPHAUSDTSWAP,60,20250602,070000,0.02467,0.02477,0.0245,0.02454,86600.11
ALPHAUSDTSWAP,60,20250602,080000,0.02453,0.02479,0.02441,0.02461,69938.19
ALPHAUSDTSWAP,60,20250602,090000,0.02461,0.02496,0.02449,0.02496,200979.19
ALPHAUSDTSWAP,60,20250602,100000,0.02496,0.02524,0.02496,0.02502,107378.89
ALPHAUSDTSWAP,60,20250602,110000,0.02502,0.02522,0.0248,0.02487,60542.3
ALPHAUSDTSWAP,60,20250602,120000,0.02488,0.0249,0.02452,0.02463,123332.18
ALPHAUSDTSWAP,60,20250602,130000,0.02459,0.02465,0.02443,0.02461,95879.48
ALPHAUSDTSWAP,60,20250602,140000,0.02461,0.02478,0.02452,0.02473,59907.7
ALPHAUSDTSWAP,60,20250602,150000,0.02472,0.02486,0.02456,0.02483,73241.65
ALPHAUSDTSWAP,60,20250602,160000,0.02483,0.0251,0.02474,0.02483,102055.79
ALPHAUSDTSWAP,60,20250602,170000,0.02482,0.02517,0.02475,0.0251,108211.4
ALPHAUSDTSWAP,60,20250602,180000,0.0251,0.0253,0.02496,0.02514,85434.2
ALPHAUSDTSWAP,60,20250602,190000,0.02512,0.02523,0.02494,0.02518,54092.38
ALPHAUSDTSWAP,60,20250602,200000,0.02517,0.02527,0.02503,0.02523,31357.57
ALPHAUSDTSWAP,60,20250602,210000,0.02525,0.02547,0.02519,0.02521,69773.96
ALPHAUSDTSWAP,60,20250602,220000,0.02522,0.02533,0.0249,0.02503,56680.84
ALPHAUSDTSWAP,60,20250602,230000,0.02504,0.02568,0.02504,0.02565,116715.25
ALPHAUSDTSWAP,60,20250603,000000,0.02566,0.02603,0.0256,0.02597,82325.0
ALPHAUSDTSWAP,60,20250603,010000,0.02598,0.0265,0.02598,0.02637,143175.96
ALPHAUSDTSWAP,60,20250603,020000,0.02638,0.02647,0.0262,0.02633,101922.19
ALPHAUSDTSWAP,60,20250603,030000,0.02633,0.02709,0.02624,0.02709,203094.59
ALPHAUSDTSWAP,60,20250603,040000,0.02708,0.02711,0.02688,0.02702,128683.24
ALPHAUSDTSWAP,60,20250603,050000,0.02702,0.02702,0.02671,0.02677,147309.26
ALPHAUSDTSWAP,60,20250603,060000,0.02673,0.02676,0.02644,0.02651,99767.64
ALPHAUSDTSWAP,60,20250603,070000,0.0265,0.02652,0.02627,0.0263,75957.51
ALPHAUSDTSWAP,60,20250603,080000,0.02632,0.02662,0.02629,0.02662,59762.61
ALPHAUSDTSWAP,60,20250603,090000,0.02661,0.02668,0.02639,0.02667,66283.94
ALPHAUSDTSWAP,60,20250603,100000,0.02666,0.02671,0.02643,0.02646,33912.43
ALPHAUSDTSWAP,60,20250603,110000,0.02647,0.02648,0.02608,0.02632,101086.89
ALPHAUSDTSWAP,60,20250603,120000,0.02633,0.02652,0.02623,0.02635,38620.61
ALPHAUSDTSWAP,60,20250603,130000,0.02635,0.02643,0.02628,0.02637,46398.08
ALPHAUSDTSWAP,60,20250603,140000,0.02637,0.02644,0.02619,0.02626,35256.11
ALPHAUSDTSWAP,60,20250603,150000,0.02626,0.02642,0.02615,0.02633,45124.19
ALPHAUSDTSWAP,60,20250603,160000,0.02633,0.02664,0.02625,0.02642,151069.32
ALPHAUSDTSWAP,60,20250603,170000,0.02642,0.0266,0.02621,0.02659,65540.25
ALPHAUSDTSWAP,60,20250603,180000,0.0266,0.02667,0.02644,0.02649,43503.24
ALPHAUSDTSWAP,60,20250603,190000,0.0265,0.02654,0.02629,0.02637,124177.7
ALPHAUSDTSWAP,60,20250603,200000,0.02636,0.02669,0.02635,0.02661,71991.22
ALPHAUSDTSWAP,60,20250603,210000,0.02661,0.02665,0.02641,0.02659,64167.94
ALPHAUSDTSWAP,60,20250603,220000,0.02659,0.02676,0.02659,0.02671,68730.58
ALPHAUSDTSWAP,60,20250603,230000,0.02672,0.02673,0.02603,0.0261,95313.31
ALPHAUSDTSWAP,60,20250604,000000,0.02613,0.02621,0.02586,0.026,62395.17
ALPHAUSDTSWAP,60,20250604,010000,0.02599,0.02625,0.02595,0.0262,84626.43
ALPHAUSDTSWAP,60,20250604,020000,0.02622,0.02633,0.02609,0.02612,38647.94
ALPHAUSDTSWAP,60,20250604,030000,0.02613,0.02644,0.026,0.02639,110410.62
ALPHAUSDTSWAP,60,20250604,040000,0.02639,0.0267,0.02637,0.02645,99908.92
ALPHAUSDTSWAP,60,20250604,050000,0.02645,0.02656,0.02618,0.02618,130550.56
ALPHAUSDTSWAP,60,20250604,060000,0.02619,0.02656,0.02618,0.02627,51652.42
ALPHAUSDTSWAP,60,20250604,070000,0.02628,0.02634,0.02622,0.0263,22686.95
ALPHAUSDTSWAP,60,20250604,080000,0.02632,0.02642,0.02618,0.02625,14565.36
ALPHAUSDTSWAP,60,20250604,090000,0.02625,0.02634,0.02612,0.02619,23945.2
ALPHAUSDTSWAP,60,20250604,100000,0.0262,0.02631,0.02613,0.02617,20987.43
ALPHAUSDTSWAP,60,20250604,110000,0.02617,0.02643,0.02615,0.02624,23288.66
ALPHAUSDTSWAP,60,20250604,120000,0.02625,0.02627,0.02596,0.02613,41782.57
ALPHAUSDTSWAP,60,20250604,130000,0.02613,0.02617,0.02582,0.02584,30181.9
ALPHAUSDTSWAP,60,20250604,140000,0.02584,0.02592,0.02566,0.02572,67206.14
ALPHAUSDTSWAP,60,20250604,150000,0.02573,0.02588,0.02561,0.02573,69245.48
ALPHAUSDTSWAP,60,20250604,160000,0.02572,0.02581,0.0256,0.02568,13987.15
ALPHAUSDTSWAP,60,20250604,170000,0.02568,0.02587,0.02545,0.02586,119921.65
ALPHAUSDTSWAP,60,20250604,180000,0.02586,0.02616,0.02578,0.0261,53694.15
ALPHAUSDTSWAP,60,20250604,190000,0.02611,0.02612,0.02589,0.02598,22014.67
ALPHAUSDTSWAP,60,20250604,200000,0.02597,0.02598,0.02539,0.02558,126974.34
ALPHAUSDTSWAP,60,20250604,210000,0.02558,0.02567,0.0255,0.02554,43803.63
ALPHAUSDTSWAP,60,20250604,220000,0.02552,0.02558,0.02542,0.02552,17628.53