<TICKER>,<PER>,<DATE>,<TIME>,<OPEN>,<HIGH>,<LOW>,<CLOSE>,<VOL>
ANIMEUSDTSWAP,1440,20250225,030000,0.02366,0.02537,0.02222,0.02407,5762347.12
ANIMEUSDTSWAP,1440,20250226,030000,0.02407,0.02826,0.02366,0.02738,4998255.1
ANIMEUSDTSWAP,1440,20250227,030000,0.02739,0.02847,0.02545,0.02604,4130908.01
ANIMEUSDTSWAP,1440,20250228,030000,0.02604,0.02703,0.02355,0.0258,5306505.34
ANIMEUSDTSWAP,1440,20250301,030000,0.0258,0.02591,0.02394,0.02463,1907895.96
ANIMEUSDTSWAP,1440,20250302,030000,0.02463,0.02577,0.02406,0.02543,2473267.66
ANIMEUSDTSWAP,1440,20250303,030000,0.02544,0.02553,0.02089,0.02097,4423279.51
ANIMEUSDTSWAP,1440,20250304,030000,0.02097,0.02109,0.01904,0.02038,4214935.4
ANIMEUSDTSWAP,1440,20250305,030000,0.02038,0.02073,0.01977,0.02052,2266009.5
ANIMEUSDTSWAP,1440,20250306,030000,0.02052,0.02085,0.01942,0.01967,2184086.64
ANIMEUSDTSWAP,1440,20250307,030000,0.01968,0.02022,0.01843,0.01923,2888936.09
ANIMEUSDTSWAP,1440,20250308,030000,0.01923,0.02047,0.01876,0.01917,2104709.96
ANIMEUSDTSWAP,1440,20250309,030000,0.01917,0.01926,0.0165,0.01696,2272461.76
ANIMEUSDTSWAP,1440,20250310,030000,0.01696,0.01878,0.01611,0.01673,3286763.0
ANIMEUSDTSWAP,1440,20250311,030000,0.01674,0.01808,0.01567,0.01756,2506454.22
ANIMEUSDTSWAP,1440,20250312,030000,0.01757,0.01784,0.01667,0.01767,1671236.91
ANIMEUSDTSWAP,1440,20250313,030000,0.01767,0.01842,0.01722,0.01797,1530776.43
ANIMEUSDTSWAP,1440,20250314,030000,0.01796,0.01901,0.01793,0.01862,1092345.34
ANIMEUSDTSWAP,1440,20250315,030000,0.01861,0.01935,0.01838,0.01916,661611.59
ANIMEUSDTSWAP,1440,20250316,030000,0.01916,0.01919,0.0176,0.01773,1135418.09
ANIMEUSDTSWAP,1440,20250317,030000,0.01772,0.01904,0.01763,0.01865,1676869.42
ANIMEUSDTSWAP,1440,20250318,030000,0.01865,0.01894,0.01715,0.01799,1262314.45
ANIMEUSDTSWAP,1440,20250319,030000,0.01799,0.01849,0.0177,0.01844,1414184.19
ANIMEUSDTSWAP,1440,20250320,030000,0.01844,0.0188,0.01782,0.01793,918041.39
ANIMEUSDTSWAP,1440,20250321,030000,0.01793,0.01838,0.0173,0.01806,1098088.55
ANIMEUSDTSWAP,1440,20250322,030000,0.01805,0.01915,0.01793,0.019,1015691.01
ANIMEUSDTSWAP,1440,20250323,030000,0.019,0.02002,0.01882,0.01975,1990873.05
ANIMEUSDTSWAP,1440,20250324,030000,0.01975,0.02008,0.01909,0.02005,1264327.57
ANIMEUSDTSWAP,1440,20250325,030000,0.02005,0.02055,0.0193,0.02016,1704516.04
ANIMEUSDTSWAP,1440,20250326,030000,0.02015,0.02428,0.02005,0.02058,4697527.33
ANIMEUSDTSWAP,1440,20250327,030000,0.02059,0.02128,0.02001,0.02007,2866675.86
ANIMEUSDTSWAP,1440,20250328,030000,0.02007,0.02016,0.01762,0.01825,2808729.21
ANIMEUSDTSWAP,1440,20250329,030000,0.01824,0.01865,0.01695,0.01726,1950882.93
ANIMEUSDTSWAP,1440,20250330,030000,0.01726,0.01762,0.01678,0.01737,1580347.18
ANIMEUSDTSWAP,1440,20250331,030000,0.01738,0.01755,0.01666,0.017,2116690.7
ANIMEUSDTSWAP,1440,20250401,030000,0.01699,0.01761,0.01667,0.01715,1163612.05
ANIMEUSDTSWAP,1440,20250402,030000,0.01715,0.01733,0.01569,0.01609,2020945.73
ANIMEUSDTSWAP,1440,20250403,030000,0.01608,0.01673,0.01573,0.01663,1098716.38
ANIMEUSDTSWAP,1440,20250404,030000,0.01664,0.01668,0.01575,0.01629,1258679.52
ANIMEUSDTSWAP,1440,20250405,030000,0.01629,0.01634,0.01564,0.01586,499992.78
ANIMEUSDTSWAP,1440,20250406,030000,0.01586,0.01588,0.0134,0.01375,1218225.9
ANIMEUSDTSWAP,1440,20250407,030000,0.01376,0.01449,0.01215,0.01364,2664386.58
ANIMEUSDTSWAP,1440,20250408,030000,0.01364,0.01401,0.01293,0.01303,1229910.04
ANIMEUSDTSWAP,1440,20250409,030000,0.01303,0.01435,0.01245,0.01435,1218416.72
ANIMEUSDTSWAP,1440,20250410,030000,0.01434,0.01449,0.01349,0.01387,828592.09
ANIMEUSDTSWAP,1440,20250411,030000,0.01386,0.01559,0.01375,0.01527,1428394.64
ANIMEUSDTSWAP,1440,20250412,030000,0.01526,0.01575,0.01485,0.01561,750858.96
ANIMEUSDTSWAP,1440,20250413,030000,0.01561,0.01562,0.01463,0.01486,595334.41
ANIMEUSDTSWAP,1440,20250414,030000,0.01487,0.01852,0.01454,0.01682,5645348.41
ANIMEUSDTSWAP,1440,20250415,030000,0.01681,0.02075,0.01627,0.01972,12879244.58
ANIMEUSDTSWAP,1440,20250416,030000,0.01972,0.02178,0.01646,0.01672,9483640.43
ANIMEUSDTSWAP,1440,20250417,030000,0.01671,0.01787,0.01651,0.01773,5184194.84
ANIMEUSDTSWAP,1440,20250418,030000,0.01773,0.01925,0.01681,0.01819,2304029.63
ANIMEUSDTSWAP,1440,20250419,030000,0.01818,0.02037,0.01784,0.01826,1822015.62
ANIMEUSDTSWAP,1440,20250420,030000,0.01825,0.01857,0.0173,0.01763,815532.31
ANIMEUSDTSWAP,1440,20250421,030000,0.01763,0.01785,0.01681,0.01701,458897.88
ANIMEUSDTSWAP,1440,20250422,030000,0.01701,0.01766,0.01599,0.01746,740788.44
ANIMEUSDTSWAP,1440,20250423,030000,0.01747,0.01849,0.01734,0.01831,828337.06
ANIMEUSDTSWAP,1440,20250424,030000,0.0183,0.01839,0.01709,0.01792,626140.32
ANIMEUSDTSWAP,1440,20250425,030000,0.01792,0.01948,0.0177,0.019,617804.38
ANIMEUSDTSWAP,1440,20250426,030000,0.019,0.01994,0.01884,0.01929,492087.36
ANIMEUSDTSWAP,1440,20250427,030000,0.01929,0.01938,0.01762,0.01788,400339.12
ANIMEUSDTSWAP,1440,20250428,030000,0.01787,0.01987,0.0174,0.01969,1073433.64
ANIMEUSDTSWAP,1440,20250429,030000,0.01969,0.02037,0.01853,0.01879,803172.88
ANIMEUSDTSWAP,1440,20250430,030000,0.01878,0.01962,0.0181,0.0193,434491.45
ANIMEUSDTSWAP,1440,20250501,030000,0.01931,0.0211,0.01912,0.0204,1036578.66
ANIMEUSDTSWAP,1440,20250502,030000,0.02038,0.02102,0.01931,0.02101,672896.3
ANIMEUSDTSWAP,1440,20250503,030000,0.021,0.02101,0.0189,0.01955,599758.15
ANIMEUSDTSWAP,1440,20250504,030000,0.01954,0.01954,0.01795,0.0185,573412.52
ANIMEUSDTSWAP,1440,20250505,030000,0.0185,0.01889,0.01773,0.01836,443244.83
ANIMEUSDTSWAP,1440,20250506,030000,0.01836,0.01922,0.01688,0.01766,841075.33
ANIMEUSDTSWAP,1440,20250507,030000,0.01767,0.01859,0.01738,0.01824,628569.13
ANIMEUSDTSWAP,1440,20250508,030000,0.01824,0.02033,0.01818,0.01998,565652.53
ANIMEUSDTSWAP,1440,20250509,030000,0.01999,0.02182,0.01988,0.02162,846282.99
ANIMEUSDTSWAP,1440,20250510,030000,0.02161,0.02222,0.02067,0.02221,810570.74
ANIMEUSDTSWAP,1440,20250511,030000,0.0222,0.02227,0.02045,0.02112,595033.53
ANIMEUSDTSWAP,1440,20250512,030000,0.02111,0.02185,0.01962,0.02121,924391.05
ANIMEUSDTSWAP,1440,20250513,030000,0.02121,0.02404,0.02004,0.02302,2016582.05
ANIMEUSDTSWAP,1440,20250514,030000,0.02301,0.02444,0.02171,0.02215,1536237.36
ANIMEUSDTSWAP,1440,20250515,030000,0.02215,0.02234,0.02001,0.02052,1111362.32
ANIMEUSDTSWAP,1440,20250516,030000,0.02053,0.02143,0.02033,0.02124,621733.99
ANIMEUSDTSWAP,1440,20250517,030000,0.02123,0.02398,0.02013,0.02314,4041509.54
ANIMEUSDTSWAP,1440,20250518,030000,0.02315,0.02539,0.02255,0.02507,3663460.44
ANIMEUSDTSWAP,1440,20250519,030000,0.02508,0.02623,0.02322,0.02576,4001961.88
ANIMEUSDTSWAP,1440,20250520,030000,0.02576,0.02695,0.02331,0.02379,2719893.45
ANIMEUSDTSWAP,1440,20250521,030000,0.02379,0.02428,0.02253,0.0239,1393527.32
ANIMEUSDTSWAP,1440,20250522,030000,0.02391,0.03105,0.02377,0.02972,8593590.27
ANIMEUSDTSWAP,1440,20250523,030000,0.02972,0.03029,0.02597,0.02608,4894848.63
ANIMEUSDTSWAP,1440,20250524,030000,0.02608,0.02798,0.02531,0.0263,2761523.41
ANIMEUSDTSWAP,1440,20250525,030000,0.0263,0.02832,0.02526,0.02797,4245508.35
ANIMEUSDTSWAP,1440,20250526,030000,0.02796,0.02857,0.02607,0.02779,3554202.34
ANIMEUSDTSWAP,1440,20250527,030000,0.02779,0.03005,0.02616,0.02872,3002511.61
ANIMEUSDTSWAP,1440,20250528,030000,0.02872,0.0316,0.02728,0.02818,5267783.51
ANIMEUSDTSWAP,1440,20250529,030000,0.02818,0.02826,0.02673,0.02754,2204897.12
ANIMEUSDTSWAP,1440,20250530,030000,0.02753,0.02755,0.0226,0.02281,2692080.6
ANIMEUSDTSWAP,1440,20250531,030000,0.02281,0.02391,0.02136,0.02321,1586554.77
ANIMEUSDTSWAP,1440,20250601,030000,0.02321,0.02648,0.02296,0.02581,2433707.57
ANIMEUSDTSWAP,1440,20250602,030000,0.02581,0.02749,0.02458,0.02699,3455053.64
ANIMEUSDTSWAP,1440,20250603,030000,0.027,0.03188,0.0265,0.03017,3678963.68
ANIMEUSDTSWAP,1440,20250604,030000,0.03017,0.03476,0.0295,0.03404,9846316.86