<TICKER>,<PER>,<DATE>,<TIME>,<OPEN>,<HIGH>,<LOW>,<CLOSE>,<VOL>
ARBUSDTSWAP,1440,20250225,030000,0.411,0.4274,0.3802,0.4195,6461037.05
ARBUSDTSWAP,1440,20250226,030000,0.4196,0.433,0.4034,0.4225,2872003.85
ARBUSDTSWAP,1440,20250227,030000,0.4226,0.4389,0.4117,0.4251,2146828.37
ARBUSDTSWAP,1440,20250228,030000,0.4251,0.4267,0.3834,0.4219,5093422.88
ARBUSDTSWAP,1440,20250301,030000,0.422,0.4271,0.4027,0.4178,1761223.96
ARBUSDTSWAP,1440,20250302,030000,0.4179,0.4667,0.4089,0.4629,4720801.83
ARBUSDTSWAP,1440,20250303,030000,0.4631,0.4645,0.3826,0.3918,5140244.58
ARBUSDTSWAP,1440,20250304,030000,0.3918,0.3937,0.3492,0.3798,6297813.93
ARBUSDTSWAP,1440,20250305,030000,0.3797,0.4347,0.3747,0.415,5642282.24
ARBUSDTSWAP,1440,20250306,030000,0.415,0.4293,0.3996,0.4037,2485747.95
ARBUSDTSWAP,1440,20250307,030000,0.4037,0.4159,0.3854,0.3949,2977155.81
ARBUSDTSWAP,1440,20250308,030000,0.3949,0.4042,0.3818,0.398,1111354.67
ARBUSDTSWAP,1440,20250309,030000,0.3979,0.3995,0.3443,0.3495,2105450.05
ARBUSDTSWAP,1440,20250310,030000,0.3495,0.3724,0.314,0.3202,2787313.67
ARBUSDTSWAP,1440,20250311,030000,0.3203,0.3471,0.2945,0.3376,3736521.02
ARBUSDTSWAP,1440,20250312,030000,0.3376,0.3545,0.3263,0.3485,2087067.44
ARBUSDTSWAP,1440,20250313,030000,0.3485,0.3544,0.3307,0.3437,1285178.82
ARBUSDTSWAP,1440,20250314,030000,0.3438,0.3667,0.3424,0.3588,1121147.99
ARBUSDTSWAP,1440,20250315,030000,0.3587,0.3701,0.3568,0.3643,790337.56
ARBUSDTSWAP,1440,20250316,030000,0.3642,0.3653,0.3445,0.3482,1146312.25
ARBUSDTSWAP,1440,20250317,030000,0.3482,0.3761,0.3482,0.3697,1602038.88
ARBUSDTSWAP,1440,20250318,030000,0.3698,0.3722,0.3518,0.3716,1114963.05
ARBUSDTSWAP,1440,20250319,030000,0.3716,0.3872,0.3668,0.3849,2337812.41
ARBUSDTSWAP,1440,20250320,030000,0.3849,0.3874,0.3663,0.3756,1066529.84
ARBUSDTSWAP,1440,20250321,030000,0.3757,0.3794,0.3579,0.3596,1098471.47
ARBUSDTSWAP,1440,20250322,030000,0.3596,0.3724,0.3591,0.365,840665.33
ARBUSDTSWAP,1440,20250323,030000,0.365,0.3743,0.3623,0.3685,755774.95
ARBUSDTSWAP,1440,20250324,030000,0.3686,0.3956,0.3614,0.3909,2087500.45
ARBUSDTSWAP,1440,20250325,030000,0.3908,0.3953,0.3838,0.3935,1188501.66
ARBUSDTSWAP,1440,20250326,030000,0.3935,0.4028,0.3777,0.3819,1577928.66
ARBUSDTSWAP,1440,20250327,030000,0.382,0.3911,0.3739,0.3843,1398056.02
ARBUSDTSWAP,1440,20250328,030000,0.3843,0.3877,0.3416,0.3478,2490546.61
ARBUSDTSWAP,1440,20250329,030000,0.3478,0.3497,0.326,0.3309,3045801.98
ARBUSDTSWAP,1440,20250330,030000,0.3309,0.3388,0.3255,0.332,2318013.27
ARBUSDTSWAP,1440,20250331,030000,0.3321,0.3353,0.3179,0.3279,2659814.07
ARBUSDTSWAP,1440,20250401,030000,0.3278,0.3426,0.3274,0.3334,1784596.21
ARBUSDTSWAP,1440,20250402,030000,0.3334,0.3392,0.3025,0.3071,4451100.71
ARBUSDTSWAP,1440,20250403,030000,0.3069,0.3169,0.2934,0.3105,2836339.75
ARBUSDTSWAP,1440,20250404,030000,0.3105,0.3183,0.3004,0.3126,1843631.6
ARBUSDTSWAP,1440,20250405,030000,0.3125,0.3153,0.3047,0.3089,792031.06
ARBUSDTSWAP,1440,20250406,030000,0.3089,0.3091,0.2594,0.268,5222490.38
ARBUSDTSWAP,1440,20250407,030000,0.268,0.2857,0.2419,0.2742,8614719.38
ARBUSDTSWAP,1440,20250408,030000,0.2743,0.2828,0.2606,0.2645,2684365.85
ARBUSDTSWAP,1440,20250409,030000,0.2644,0.3012,0.2556,0.2934,3269021.77
ARBUSDTSWAP,1440,20250410,030000,0.2934,0.2939,0.275,0.2861,2075517.26
ARBUSDTSWAP,1440,20250411,030000,0.2861,0.299,0.2851,0.295,2179872.8
ARBUSDTSWAP,1440,20250412,030000,0.295,0.3124,0.2937,0.3109,1411451.9
ARBUSDTSWAP,1440,20250413,030000,0.311,0.3169,0.2953,0.3005,2088943.3
ARBUSDTSWAP,1440,20250414,030000,0.3005,0.3127,0.293,0.2958,3583431.46
ARBUSDTSWAP,1440,20250415,030000,0.2959,0.2972,0.2793,0.2797,2259917.25
ARBUSDTSWAP,1440,20250416,030000,0.2796,0.2843,0.2706,0.2787,1402305.95
ARBUSDTSWAP,1440,20250417,030000,0.2787,0.2867,0.2751,0.2824,989055.72
ARBUSDTSWAP,1440,20250418,030000,0.2824,0.2933,0.2809,0.2908,750357.44
ARBUSDTSWAP,1440,20250419,030000,0.2907,0.3044,0.2899,0.3005,748758.0
ARBUSDTSWAP,1440,20250420,030000,0.3005,0.3074,0.2964,0.3045,840666.99
ARBUSDTSWAP,1440,20250421,030000,0.3046,0.3149,0.297,0.2994,1348426.16
ARBUSDTSWAP,1440,20250422,030000,0.2995,0.3247,0.2922,0.3222,2598356.85
ARBUSDTSWAP,1440,20250423,030000,0.3223,0.3441,0.3204,0.339,3508018.24
ARBUSDTSWAP,1440,20250424,030000,0.339,0.3445,0.3248,0.342,2187331.56
ARBUSDTSWAP,1440,20250425,030000,0.342,0.3528,0.3352,0.3462,1511254.36
ARBUSDTSWAP,1440,20250426,030000,0.3462,0.3577,0.3421,0.3523,1365537.02
ARBUSDTSWAP,1440,20250427,030000,0.3525,0.3631,0.3322,0.3355,1838369.21
ARBUSDTSWAP,1440,20250428,030000,0.3355,0.3482,0.327,0.3357,1667568.09
ARBUSDTSWAP,1440,20250429,030000,0.3358,0.3427,0.3238,0.3276,1062722.78
ARBUSDTSWAP,1440,20250430,030000,0.3275,0.3348,0.3148,0.3257,1536143.53
ARBUSDTSWAP,1440,20250501,030000,0.3257,0.3445,0.3255,0.3391,1560026.36
ARBUSDTSWAP,1440,20250502,030000,0.339,0.3452,0.3335,0.3386,977729.87
ARBUSDTSWAP,1440,20250503,030000,0.3386,0.3395,0.3158,0.3195,1257808.26
ARBUSDTSWAP,1440,20250504,030000,0.3194,0.3229,0.3091,0.3103,1678172.8
ARBUSDTSWAP,1440,20250505,030000,0.3103,0.3208,0.3053,0.3108,1430045.51
ARBUSDTSWAP,1440,20250506,030000,0.3108,0.3121,0.2943,0.3082,1702480.5
ARBUSDTSWAP,1440,20250507,030000,0.3083,0.3129,0.2983,0.3107,2767360.61
ARBUSDTSWAP,1440,20250508,030000,0.3107,0.3672,0.3103,0.3624,3263863.98
ARBUSDTSWAP,1440,20250509,030000,0.3623,0.3929,0.3601,0.3785,4808032.69
ARBUSDTSWAP,1440,20250510,030000,0.3785,0.4969,0.3726,0.484,6805139.43
ARBUSDTSWAP,1440,20250511,030000,0.4838,0.5047,0.4397,0.451,7880591.98
ARBUSDTSWAP,1440,20250512,030000,0.4509,0.48,0.4151,0.4302,7000996.79
ARBUSDTSWAP,1440,20250513,030000,0.4302,0.4645,0.4062,0.4567,5523221.78
ARBUSDTSWAP,1440,20250514,030000,0.4567,0.4613,0.4202,0.4265,3601456.41
ARBUSDTSWAP,1440,20250515,030000,0.4263,0.4351,0.3871,0.3978,4397122.38
ARBUSDTSWAP,1440,20250516,030000,0.3978,0.4173,0.3849,0.3895,3174438.95
ARBUSDTSWAP,1440,20250517,030000,0.3896,0.3907,0.3683,0.3757,3364440.24
ARBUSDTSWAP,1440,20250518,030000,0.3757,0.4074,0.3655,0.3948,4031389.75
ARBUSDTSWAP,1440,20250519,030000,0.395,0.3996,0.3636,0.3916,3929243.82
ARBUSDTSWAP,1440,20250520,030000,0.3917,0.4019,0.3794,0.3935,3010977.53
ARBUSDTSWAP,1440,20250521,030000,0.3936,0.4194,0.3893,0.4108,4655564.72
ARBUSDTSWAP,1440,20250522,030000,0.4109,0.4385,0.4096,0.4287,3853648.25
ARBUSDTSWAP,1440,20250523,030000,0.4288,0.4446,0.3879,0.3907,4489211.53
ARBUSDTSWAP,1440,20250524,030000,0.3906,0.4015,0.3878,0.392,1138014.7
ARBUSDTSWAP,1440,20250525,030000,0.3919,0.3947,0.3751,0.3935,1617942.85
ARBUSDTSWAP,1440,20250526,030000,0.3936,0.4065,0.3867,0.3921,1912347.48
ARBUSDTSWAP,1440,20250527,030000,0.3921,0.4144,0.3794,0.4017,2639488.47
ARBUSDTSWAP,1440,20250528,030000,0.4018,0.4171,0.389,0.4093,2894732.74
ARBUSDTSWAP,1440,20250529,030000,0.4094,0.4413,0.3933,0.3961,6045531.32
ARBUSDTSWAP,1440,20250530,030000,0.396,0.3989,0.3309,0.3331,6324547.68
ARBUSDTSWAP,1440,20250531,030000,0.333,0.3469,0.319,0.3394,2994699.77
ARBUSDTSWAP,1440,20250601,030000,0.3394,0.3443,0.3296,0.3423,1603191.06
ARBUSDTSWAP,1440,20250602,030000,0.3423,0.3597,0.3326,0.3576,2661100.96
ARBUSDTSWAP,1440,20250603,030000,0.3577,0.373,0.3553,0.3594,2363610.99
ARBUSDTSWAP,1440,20250604,030000,0.3594,0.3735,0.3565,0.3646,2822146.67