<TICKER>,<PER>,<DATE>,<TIME>,<OPEN>,<HIGH>,<LOW>,<CLOSE>,<VOL>
ARCUSDTSWAP,1440,20250225,030000,0.1923,0.2393,0.1775,0.2246,6078443.78
ARCUSDTSWAP,1440,20250226,030000,0.2246,0.2549,0.205,0.2356,5253927.87
ARCUSDTSWAP,1440,20250227,030000,0.2357,0.2652,0.2025,0.2037,4259243.25
ARCUSDTSWAP,1440,20250228,030000,0.2038,0.2347,0.19,0.2209,3857469.54
ARCUSDTSWAP,1440,20250301,030000,0.221,0.2259,0.1976,0.2019,1915375.84
ARCUSDTSWAP,1440,20250302,030000,0.202,0.2514,0.1874,0.2418,3912623.24
ARCUSDTSWAP,1440,20250303,030000,0.2419,0.2508,0.1781,0.1796,4798684.96
ARCUSDTSWAP,1440,20250304,030000,0.1797,0.1828,0.1544,0.1668,4306312.47
ARCUSDTSWAP,1440,20250305,030000,0.1668,0.1848,0.1532,0.1631,2463778.78
ARCUSDTSWAP,1440,20250306,030000,0.1631,0.168,0.1173,0.119,3976109.86
ARCUSDTSWAP,1440,20250307,030000,0.1191,0.1261,0.1003,0.1018,5507311.44
ARCUSDTSWAP,1440,20250308,030000,0.1019,0.1117,0.0748,0.076,4644332.47
ARCUSDTSWAP,1440,20250309,030000,0.076,0.0943,0.0755,0.0852,5053055.09
ARCUSDTSWAP,1440,20250310,030000,0.0852,0.0913,0.0708,0.0783,4519765.0
ARCUSDTSWAP,1440,20250311,030000,0.0783,0.0845,0.0715,0.0729,3185146.44
ARCUSDTSWAP,1440,20250312,030000,0.073,0.0767,0.0634,0.0733,3003989.42
ARCUSDTSWAP,1440,20250313,030000,0.0732,0.0753,0.0555,0.059,2718198.41
ARCUSDTSWAP,1440,20250314,030000,0.0591,0.0652,0.052,0.0525,3740678.83
ARCUSDTSWAP,1440,20250315,030000,0.0525,0.0555,0.0469,0.0486,4045284.44
ARCUSDTSWAP,1440,20250316,030000,0.0487,0.0717,0.0485,0.0633,8931121.1
ARCUSDTSWAP,1440,20250317,030000,0.0633,0.07042,0.05911,0.06207,6712078.1
ARCUSDTSWAP,1440,20250318,030000,0.06208,0.06241,0.03747,0.04075,12504787.06
ARCUSDTSWAP,1440,20250319,030000,0.04075,0.05142,0.03938,0.05048,6767599.61
ARCUSDTSWAP,1440,20250320,030000,0.0505,0.0615,0.0461,0.05833,10513228.37
ARCUSDTSWAP,1440,20250321,030000,0.05834,0.0678,0.05464,0.06242,6116928.41
ARCUSDTSWAP,1440,20250322,030000,0.06243,0.06596,0.05719,0.05784,4453768.12
ARCUSDTSWAP,1440,20250323,030000,0.05785,0.0585,0.04811,0.0529,3954500.58
ARCUSDTSWAP,1440,20250324,030000,0.05288,0.08359,0.05011,0.07577,8495216.1
ARCUSDTSWAP,1440,20250325,030000,0.07575,0.07805,0.06523,0.06995,6515377.49
ARCUSDTSWAP,1440,20250326,030000,0.06994,0.07282,0.0501,0.05106,6455985.22
ARCUSDTSWAP,1440,20250327,030000,0.05106,0.05712,0.05025,0.05291,5118883.2
ARCUSDTSWAP,1440,20250328,030000,0.05292,0.05602,0.04608,0.05162,5128593.52
ARCUSDTSWAP,1440,20250329,030000,0.0516,0.05214,0.04324,0.04896,4515520.18
ARCUSDTSWAP,1440,20250330,030000,0.04897,0.05634,0.0477,0.05362,2798014.61
ARCUSDTSWAP,1440,20250331,030000,0.05365,0.05477,0.04627,0.04713,3891629.26
ARCUSDTSWAP,1440,20250401,030000,0.04712,0.05256,0.0455,0.05018,3010643.11
ARCUSDTSWAP,1440,20250402,030000,0.0502,0.05033,0.04061,0.04288,2406045.74
ARCUSDTSWAP,1440,20250403,030000,0.0429,0.04395,0.03452,0.03741,1685073.95
ARCUSDTSWAP,1440,20250404,030000,0.03741,0.04321,0.03505,0.04151,1955757.32
ARCUSDTSWAP,1440,20250405,030000,0.04151,0.0434,0.03888,0.04033,1324330.47
ARCUSDTSWAP,1440,20250406,030000,0.04033,0.0407,0.03087,0.03486,2519552.87
ARCUSDTSWAP,1440,20250407,030000,0.03485,0.03886,0.03216,0.03338,2206900.65
ARCUSDTSWAP,1440,20250408,030000,0.03338,0.03621,0.02849,0.02886,2409756.74
ARCUSDTSWAP,1440,20250409,030000,0.02887,0.03595,0.02778,0.03451,2253913.67
ARCUSDTSWAP,1440,20250410,030000,0.0345,0.03466,0.02816,0.02913,1851268.28
ARCUSDTSWAP,1440,20250411,030000,0.02912,0.03534,0.02853,0.0347,3710849.46
ARCUSDTSWAP,1440,20250412,030000,0.0347,0.04038,0.03163,0.03875,5010845.66
ARCUSDTSWAP,1440,20250413,030000,0.03877,0.04139,0.03334,0.03448,4152763.53
ARCUSDTSWAP,1440,20250414,030000,0.0345,0.03972,0.03357,0.03927,2341677.46
ARCUSDTSWAP,1440,20250415,030000,0.03927,0.0395,0.03376,0.03402,2281817.28
ARCUSDTSWAP,1440,20250416,030000,0.03402,0.03775,0.03348,0.03608,1124746.41
ARCUSDTSWAP,1440,20250417,030000,0.03609,0.03835,0.03466,0.03595,1487582.27
ARCUSDTSWAP,1440,20250418,030000,0.03596,0.03644,0.03115,0.03191,1593651.44
ARCUSDTSWAP,1440,20250419,030000,0.03192,0.0345,0.03131,0.03442,1071866.39
ARCUSDTSWAP,1440,20250420,030000,0.03442,0.03742,0.03404,0.03601,1071944.74
ARCUSDTSWAP,1440,20250421,030000,0.036,0.03708,0.03334,0.03511,1200053.16
ARCUSDTSWAP,1440,20250422,030000,0.03511,0.05672,0.03438,0.05532,3165664.43
ARCUSDTSWAP,1440,20250423,030000,0.05534,0.06076,0.04549,0.05023,5375870.49
ARCUSDTSWAP,1440,20250424,030000,0.05023,0.05716,0.04605,0.05566,1279319.07
ARCUSDTSWAP,1440,20250425,030000,0.05566,0.06524,0.05146,0.05945,1762097.14
ARCUSDTSWAP,1440,20250426,030000,0.05945,0.06856,0.05866,0.06808,1382730.37
ARCUSDTSWAP,1440,20250427,030000,0.06808,0.06919,0.05574,0.06148,1740744.94
ARCUSDTSWAP,1440,20250428,030000,0.06146,0.07287,0.05746,0.06495,1775646.45
ARCUSDTSWAP,1440,20250429,030000,0.06499,0.0701,0.06138,0.06314,1024528.29
ARCUSDTSWAP,1440,20250430,030000,0.06313,0.06424,0.05323,0.05914,1093346.58
ARCUSDTSWAP,1440,20250501,030000,0.05908,0.07325,0.05859,0.06646,1278834.81
ARCUSDTSWAP,1440,20250502,030000,0.06649,0.06759,0.06176,0.06279,842643.79
ARCUSDTSWAP,1440,20250503,030000,0.06278,0.06418,0.05553,0.05733,512811.08
ARCUSDTSWAP,1440,20250504,030000,0.05731,0.0587,0.05346,0.05459,628984.53
ARCUSDTSWAP,1440,20250505,030000,0.05459,0.05983,0.05288,0.05459,758664.2
ARCUSDTSWAP,1440,20250506,030000,0.05462,0.05851,0.0489,0.0533,976222.17
ARCUSDTSWAP,1440,20250507,030000,0.05333,0.05562,0.04829,0.05448,747840.67
ARCUSDTSWAP,1440,20250508,030000,0.0545,0.06616,0.05348,0.06545,928835.71
ARCUSDTSWAP,1440,20250509,030000,0.06545,0.08364,0.06383,0.0834,1699931.67
ARCUSDTSWAP,1440,20250510,030000,0.0834,0.0949,0.08137,0.09203,2277477.03
ARCUSDTSWAP,1440,20250511,030000,0.09202,0.09245,0.08039,0.08748,1702142.99
ARCUSDTSWAP,1440,20250512,030000,0.08745,0.10611,0.0851,0.09198,3026225.09
ARCUSDTSWAP,1440,20250513,030000,0.09194,0.10318,0.08081,0.09736,2536786.6
ARCUSDTSWAP,1440,20250514,030000,0.09739,0.10131,0.08457,0.08631,3167409.81
ARCUSDTSWAP,1440,20250515,030000,0.08631,0.08762,0.06663,0.06978,2097052.23
ARCUSDTSWAP,1440,20250516,030000,0.06976,0.07345,0.06288,0.06358,1067706.94
ARCUSDTSWAP,1440,20250517,030000,0.06359,0.06412,0.05741,0.05874,894249.76
ARCUSDTSWAP,1440,20250518,030000,0.05872,0.06915,0.05781,0.06615,1241710.03
ARCUSDTSWAP,1440,20250519,030000,0.06615,0.06622,0.05128,0.05702,2095136.6
ARCUSDTSWAP,1440,20250520,030000,0.05701,0.06428,0.05545,0.06048,1334142.6
ARCUSDTSWAP,1440,20250521,030000,0.06049,0.07389,0.0574,0.06948,1555409.98
ARCUSDTSWAP,1440,20250522,030000,0.06952,0.0748,0.06679,0.07033,1096743.77
ARCUSDTSWAP,1440,20250523,030000,0.07035,0.0746,0.05757,0.05804,2230835.29
ARCUSDTSWAP,1440,20250524,030000,0.05806,0.06069,0.05695,0.05864,620683.29
ARCUSDTSWAP,1440,20250525,030000,0.05863,0.05922,0.05213,0.05765,876704.88
ARCUSDTSWAP,1440,20250526,030000,0.05764,0.06357,0.05374,0.0546,1012408.21
ARCUSDTSWAP,1440,20250527,030000,0.05461,0.06012,0.05266,0.05928,967173.24
ARCUSDTSWAP,1440,20250528,030000,0.05926,0.05991,0.05146,0.05535,809462.5
ARCUSDTSWAP,1440,20250529,030000,0.05534,0.05768,0.04806,0.04971,1036760.92
ARCUSDTSWAP,1440,20250530,030000,0.04972,0.04983,0.03995,0.04072,1066813.7
ARCUSDTSWAP,1440,20250531,030000,0.04072,0.04156,0.03871,0.04036,525895.58
ARCUSDTSWAP,1440,20250601,030000,0.04037,0.04362,0.03775,0.0425,525763.82
ARCUSDTSWAP,1440,20250602,030000,0.04249,0.04438,0.03937,0.04396,651657.79
ARCUSDTSWAP,1440,20250603,030000,0.04397,0.0459,0.04111,0.04143,715630.17
ARCUSDTSWAP,1440,20250604,030000,0.04144,0.04245,0.03993,0.04121,370406.84