<TICKER>,<PER>,<DATE>,<TIME>,<OPEN>,<HIGH>,<LOW>,<CLOSE>,<VOL>
ATHUSDTSWAP,1440,20250225,030000,0.03289,0.03339,0.03043,0.03253,30488.8
ATHUSDTSWAP,1440,20250226,030000,0.03252,0.0332,0.03088,0.03269,14080.64
ATHUSDTSWAP,1440,20250227,030000,0.03268,0.04013,0.0326,0.03558,116911.16
ATHUSDTSWAP,1440,20250228,030000,0.03555,0.03991,0.03183,0.0393,91515.73
ATHUSDTSWAP,1440,20250301,030000,0.03933,0.04897,0.03858,0.04096,113153.12
ATHUSDTSWAP,1440,20250302,030000,0.04096,0.04096,0.03818,0.0406,32058.37
ATHUSDTSWAP,1440,20250303,030000,0.0406,0.04348,0.03284,0.03335,67506.11
ATHUSDTSWAP,1440,20250304,030000,0.03335,0.03686,0.03141,0.03667,47661.55
ATHUSDTSWAP,1440,20250305,030000,0.03666,0.03705,0.03497,0.03691,19520.02
ATHUSDTSWAP,1440,20250306,030000,0.03687,0.0369,0.03329,0.03376,29985.85
ATHUSDTSWAP,1440,20250307,030000,0.03375,0.036,0.03146,0.03396,33543.99
ATHUSDTSWAP,1440,20250308,030000,0.03397,0.04265,0.03383,0.03684,188262.83
ATHUSDTSWAP,1440,20250309,030000,0.03683,0.03704,0.0316,0.03196,42200.96
ATHUSDTSWAP,1440,20250310,030000,0.03197,0.03716,0.03088,0.03277,119606.93
ATHUSDTSWAP,1440,20250311,030000,0.0328,0.03487,0.03114,0.03436,42711.57
ATHUSDTSWAP,1440,20250312,030000,0.03431,0.0389,0.03398,0.03873,97555.61
ATHUSDTSWAP,1440,20250313,030000,0.03871,0.04081,0.03533,0.03634,118502.73
ATHUSDTSWAP,1440,20250314,030000,0.03632,0.03771,0.03512,0.03689,39714.72
ATHUSDTSWAP,1440,20250315,030000,0.03689,0.03806,0.03445,0.03731,38858.89
ATHUSDTSWAP,1440,20250316,030000,0.03731,0.03731,0.03402,0.03434,29940.6
ATHUSDTSWAP,1440,20250317,030000,0.03434,0.03576,0.034,0.0352,22282.95
ATHUSDTSWAP,1440,20250318,030000,0.03518,0.03518,0.03276,0.03334,22479.39
ATHUSDTSWAP,1440,20250319,030000,0.03334,0.03431,0.03269,0.03414,22927.65
ATHUSDTSWAP,1440,20250320,030000,0.03413,0.03419,0.03274,0.03314,15476.08
ATHUSDTSWAP,1440,20250321,030000,0.03313,0.03344,0.03206,0.03282,10090.17
ATHUSDTSWAP,1440,20250322,030000,0.03284,0.03412,0.03283,0.03344,15928.94
ATHUSDTSWAP,1440,20250323,030000,0.03343,0.03617,0.03331,0.03469,46471.11
ATHUSDTSWAP,1440,20250324,030000,0.03468,0.03571,0.03331,0.03494,22845.45
ATHUSDTSWAP,1440,20250325,030000,0.03496,0.03583,0.03396,0.03555,17074.22
ATHUSDTSWAP,1440,20250326,030000,0.03555,0.03691,0.03401,0.03434,18380.27
ATHUSDTSWAP,1440,20250327,030000,0.03435,0.0368,0.03413,0.03525,27589.54
ATHUSDTSWAP,1440,20250328,030000,0.03524,0.03653,0.0319,0.0327,39135.18
ATHUSDTSWAP,1440,20250329,030000,0.03269,0.03295,0.03054,0.0311,14177.88
ATHUSDTSWAP,1440,20250330,030000,0.03111,0.03139,0.03004,0.03052,10033.85
ATHUSDTSWAP,1440,20250331,030000,0.03053,0.03055,0.02863,0.02972,16022.75
ATHUSDTSWAP,1440,20250401,030000,0.02971,0.03086,0.02932,0.03052,20671.15
ATHUSDTSWAP,1440,20250402,030000,0.03047,0.03355,0.02759,0.02846,90487.03
ATHUSDTSWAP,1440,20250403,030000,0.02845,0.03122,0.02778,0.0306,75474.81
ATHUSDTSWAP,1440,20250404,030000,0.03058,0.03119,0.02852,0.0299,65778.38
ATHUSDTSWAP,1440,20250405,030000,0.02991,0.03104,0.02964,0.03048,32967.7
ATHUSDTSWAP,1440,20250406,030000,0.03047,0.03165,0.02644,0.02705,44420.6
ATHUSDTSWAP,1440,20250407,030000,0.02703,0.02887,0.0241,0.02733,57865.18
ATHUSDTSWAP,1440,20250408,030000,0.02733,0.02878,0.02678,0.02701,43709.33
ATHUSDTSWAP,1440,20250409,030000,0.027,0.03045,0.0256,0.03034,43414.27
ATHUSDTSWAP,1440,20250410,030000,0.03033,0.03195,0.02928,0.03175,72183.58
ATHUSDTSWAP,1440,20250411,030000,0.03172,0.03197,0.02867,0.02987,93536.19
ATHUSDTSWAP,1440,20250412,030000,0.02987,0.03015,0.02837,0.02997,33188.02
ATHUSDTSWAP,1440,20250413,030000,0.02998,0.03109,0.02748,0.02815,35878.57
ATHUSDTSWAP,1440,20250414,030000,0.02816,0.02928,0.02753,0.02822,32317.99
ATHUSDTSWAP,1440,20250415,030000,0.02822,0.0286,0.02733,0.02744,21583.36
ATHUSDTSWAP,1440,20250416,030000,0.02745,0.02798,0.02627,0.02692,31722.29
ATHUSDTSWAP,1440,20250417,030000,0.02693,0.02712,0.02602,0.02657,17164.32
ATHUSDTSWAP,1440,20250418,030000,0.02659,0.02807,0.02659,0.0272,22014.07
ATHUSDTSWAP,1440,20250419,030000,0.0272,0.02776,0.02688,0.02769,9194.17
ATHUSDTSWAP,1440,20250420,030000,0.0277,0.02806,0.02671,0.02769,12712.17
ATHUSDTSWAP,1440,20250421,030000,0.02769,0.02863,0.02759,0.02783,10402.75
ATHUSDTSWAP,1440,20250422,030000,0.02782,0.02902,0.02721,0.02895,13696.68
ATHUSDTSWAP,1440,20250423,030000,0.02895,0.03019,0.02876,0.0296,24061.01
ATHUSDTSWAP,1440,20250424,030000,0.02961,0.0301,0.02809,0.02961,24318.16
ATHUSDTSWAP,1440,20250425,030000,0.02961,0.03007,0.02875,0.02952,19833.9
ATHUSDTSWAP,1440,20250426,030000,0.0295,0.03074,0.02934,0.03032,16073.87
ATHUSDTSWAP,1440,20250427,030000,0.03033,0.03035,0.02841,0.02853,14096.38
ATHUSDTSWAP,1440,20250428,030000,0.02852,0.03067,0.02763,0.0291,40264.94
ATHUSDTSWAP,1440,20250429,030000,0.02911,0.03117,0.02881,0.02975,30323.86
ATHUSDTSWAP,1440,20250430,030000,0.02973,0.03193,0.02946,0.03173,28349.9
ATHUSDTSWAP,1440,20250501,030000,0.03171,0.03208,0.03068,0.0313,18137.26
ATHUSDTSWAP,1440,20250502,030000,0.0313,0.0364,0.0313,0.03411,101726.0
ATHUSDTSWAP,1440,20250503,030000,0.03411,0.03412,0.03084,0.03089,28239.06
ATHUSDTSWAP,1440,20250504,030000,0.03089,0.03152,0.02901,0.02915,21626.06
ATHUSDTSWAP,1440,20250505,030000,0.02916,0.03111,0.02852,0.03111,19666.64
ATHUSDTSWAP,1440,20250506,030000,0.03107,0.0311,0.02856,0.02986,19779.41
ATHUSDTSWAP,1440,20250507,030000,0.02987,0.03203,0.02982,0.03177,18689.9
ATHUSDTSWAP,1440,20250508,030000,0.03176,0.03544,0.03121,0.03515,33200.92
ATHUSDTSWAP,1440,20250509,030000,0.03515,0.03752,0.03416,0.03596,39707.44
ATHUSDTSWAP,1440,20250510,030000,0.03595,0.03865,0.03484,0.03826,20707.63
ATHUSDTSWAP,1440,20250511,030000,0.03825,0.03885,0.03578,0.03817,20556.43
ATHUSDTSWAP,1440,20250512,030000,0.03816,0.04627,0.03678,0.0438,75656.89
ATHUSDTSWAP,1440,20250513,030000,0.04381,0.05203,0.04102,0.04862,140143.85
ATHUSDTSWAP,1440,20250514,030000,0.04865,0.0519,0.04426,0.0509,112739.03
ATHUSDTSWAP,1440,20250515,030000,0.0509,0.05696,0.04497,0.04863,359975.03
ATHUSDTSWAP,1440,20250516,030000,0.04863,0.05129,0.04702,0.04776,131302.02
ATHUSDTSWAP,1440,20250517,030000,0.04777,0.04979,0.04628,0.04706,122024.93
ATHUSDTSWAP,1440,20250518,030000,0.04705,0.0545,0.04678,0.05089,125362.37
ATHUSDTSWAP,1440,20250519,030000,0.05091,0.05093,0.04653,0.04977,59318.35
ATHUSDTSWAP,1440,20250520,030000,0.04979,0.05084,0.04792,0.04952,42269.22
ATHUSDTSWAP,1440,20250521,030000,0.04951,0.05182,0.04853,0.05079,40999.03
ATHUSDTSWAP,1440,20250522,030000,0.0508,0.05341,0.05,0.05124,61767.26
ATHUSDTSWAP,1440,20250523,030000,0.05126,0.0529,0.04738,0.05131,85038.29
ATHUSDTSWAP,1440,20250524,030000,0.05129,0.05176,0.04928,0.04942,24682.95
ATHUSDTSWAP,1440,20250525,030000,0.04941,0.04963,0.04563,0.04899,36156.81
ATHUSDTSWAP,1440,20250526,030000,0.04901,0.05334,0.04809,0.05294,48586.5
ATHUSDTSWAP,1440,20250527,030000,0.05293,0.0556,0.05129,0.05308,59946.35
ATHUSDTSWAP,1440,20250528,030000,0.05307,0.0531,0.04939,0.0509,35176.34
ATHUSDTSWAP,1440,20250529,030000,0.05091,0.05279,0.04924,0.04961,22547.22
ATHUSDTSWAP,1440,20250530,030000,0.0496,0.05573,0.04756,0.05009,112962.41
ATHUSDTSWAP,1440,20250531,030000,0.05011,0.052,0.04703,0.04721,79088.71
ATHUSDTSWAP,1440,20250601,030000,0.04721,0.04867,0.04546,0.0476,41467.99
ATHUSDTSWAP,1440,20250602,030000,0.0476,0.0476,0.04456,0.04642,30068.16
ATHUSDTSWAP,1440,20250603,030000,0.04642,0.05135,0.04458,0.04996,45721.84
ATHUSDTSWAP,1440,20250604,030000,0.04993,0.05188,0.04898,0.04966,33503.83