<TICKER>,<PER>,<DATE>,<TIME>,<OPEN>,<HIGH>,<LOW>,<CLOSE>,<VOL>
BIGTIMEUSDTSWAP,3,20250604,172700,0.06362,0.06362,0.0635,0.06353,154.09
BIGTIMEUSDTSWAP,3,20250604,173000,0.06353,0.06357,0.06349,0.06357,193.45
BIGTIMEUSDTSWAP,3,20250604,173300,0.06357,0.06364,0.06352,0.06357,80.73
BIGTIMEUSDTSWAP,3,20250604,173600,0.06353,0.06353,0.0634,0.06341,255.26
BIGTIMEUSDTSWAP,3,20250604,173900,0.0634,0.06352,0.06337,0.06351,313.45
BIGTIMEUSDTSWAP,3,20250604,174200,0.0635,0.06361,0.06343,0.06361,318.39
BIGTIMEUSDTSWAP,3,20250604,174500,0.06363,0.06374,0.06358,0.06374,349.14
BIGTIMEUSDTSWAP,3,20250604,174800,0.06376,0.06378,0.06366,0.06367,258.1
BIGTIMEUSDTSWAP,3,20250604,175100,0.06368,0.0637,0.06365,0.06369,352.41
BIGTIMEUSDTSWAP,3,20250604,175400,0.0637,0.06387,0.0637,0.06387,421.95
BIGTIMEUSDTSWAP,3,20250604,175700,0.06387,0.064,0.06386,0.06398,512.43
BIGTIMEUSDTSWAP,3,20250604,180000,0.06398,0.06404,0.06388,0.06388,509.22
BIGTIMEUSDTSWAP,3,20250604,180300,0.06385,0.06387,0.06381,0.06382,729.61
BIGTIMEUSDTSWAP,3,20250604,180600,0.06384,0.06402,0.06383,0.0639,554.71
BIGTIMEUSDTSWAP,3,20250604,180900,0.0639,0.06402,0.0639,0.06399,656.25
BIGTIMEUSDTSWAP,3,20250604,181200,0.06402,0.0641,0.06402,0.06406,534.95
BIGTIMEUSDTSWAP,3,20250604,181500,0.06407,0.06428,0.06407,0.06425,382.88
BIGTIMEUSDTSWAP,3,20250604,181800,0.06425,0.06432,0.06419,0.06422,2501.83
BIGTIMEUSDTSWAP,3,20250604,182100,0.06422,0.06444,0.06415,0.06435,2002.7
BIGTIMEUSDTSWAP,3,20250604,182400,0.06436,0.06446,0.06436,0.06443,675.2
BIGTIMEUSDTSWAP,3,20250604,182700,0.06443,0.0645,0.06438,0.06439,748.93
BIGTIMEUSDTSWAP,3,20250604,183000,0.0644,0.06444,0.0643,0.06444,1167.38
BIGTIMEUSDTSWAP,3,20250604,183300,0.06443,0.06445,0.06436,0.06438,371.89
BIGTIMEUSDTSWAP,3,20250604,183600,0.06439,0.06459,0.06438,0.06457,1109.44
BIGTIMEUSDTSWAP,3,20250604,183900,0.06458,0.06458,0.06449,0.06451,146.85
BIGTIMEUSDTSWAP,3,20250604,184200,0.06453,0.06457,0.06446,0.06449,306.9
BIGTIMEUSDTSWAP,3,20250604,184500,0.0645,0.06455,0.06438,0.0644,118.36
BIGTIMEUSDTSWAP,3,20250604,184800,0.06439,0.0644,0.0643,0.06434,270.44
BIGTIMEUSDTSWAP,3,20250604,185100,0.06435,0.06447,0.06432,0.06444,116.86
BIGTIMEUSDTSWAP,3,20250604,185400,0.06443,0.06461,0.06441,0.06458,152.83
BIGTIMEUSDTSWAP,3,20250604,185700,0.06461,0.06463,0.06445,0.06453,233.57
BIGTIMEUSDTSWAP,3,20250604,190000,0.06453,0.06459,0.06449,0.06449,257.99
BIGTIMEUSDTSWAP,3,20250604,190300,0.06451,0.06458,0.06446,0.06446,207.59
BIGTIMEUSDTSWAP,3,20250604,190600,0.06441,0.06441,0.06428,0.0643,554.38
BIGTIMEUSDTSWAP,3,20250604,190900,0.06431,0.06449,0.06431,0.06449,346.37
BIGTIMEUSDTSWAP,3,20250604,191200,0.0645,0.06454,0.06447,0.06452,282.25
BIGTIMEUSDTSWAP,3,20250604,191500,0.06453,0.06453,0.06431,0.06431,159.39
BIGTIMEUSDTSWAP,3,20250604,191800,0.06432,0.0644,0.06424,0.0644,915.79
BIGTIMEUSDTSWAP,3,20250604,192100,0.06441,0.06443,0.06424,0.06426,258.28
BIGTIMEUSDTSWAP,3,20250604,192400,0.06426,0.06429,0.06422,0.06422,250.68
BIGTIMEUSDTSWAP,3,20250604,192700,0.06421,0.06423,0.0642,0.06421,216.58
BIGTIMEUSDTSWAP,3,20250604,193000,0.06421,0.06422,0.06412,0.06418,70.82
BIGTIMEUSDTSWAP,3,20250604,193300,0.06419,0.06427,0.06419,0.06422,1021.39
BIGTIMEUSDTSWAP,3,20250604,193600,0.06421,0.06421,0.06414,0.06419,207.66
BIGTIMEUSDTSWAP,3,20250604,193900,0.06421,0.06433,0.06421,0.06429,1244.97
BIGTIMEUSDTSWAP,3,20250604,194200,0.06428,0.06428,0.06423,0.06427,91.02
BIGTIMEUSDTSWAP,3,20250604,194500,0.06427,0.06428,0.06418,0.06428,145.51
BIGTIMEUSDTSWAP,3,20250604,194800,0.06429,0.06434,0.06426,0.06434,61.2
BIGTIMEUSDTSWAP,3,20250604,195100,0.06433,0.06435,0.06433,0.06435,5.53
BIGTIMEUSDTSWAP,3,20250604,195400,0.06435,0.06442,0.06435,0.06438,245.5
BIGTIMEUSDTSWAP,3,20250604,195700,0.06437,0.06437,0.06432,0.06434,98.81
BIGTIMEUSDTSWAP,3,20250604,200000,0.06439,0.06444,0.0642,0.06429,926.7
BIGTIMEUSDTSWAP,3,20250604,200300,0.06427,0.06429,0.06421,0.06422,150.65
BIGTIMEUSDTSWAP,3,20250604,200600,0.06425,0.06426,0.06404,0.06411,383.89
BIGTIMEUSDTSWAP,3,20250604,200900,0.06411,0.06411,0.06399,0.06399,122.96
BIGTIMEUSDTSWAP,3,20250604,201200,0.06399,0.06408,0.06399,0.06404,193.06
BIGTIMEUSDTSWAP,3,20250604,201500,0.06403,0.06403,0.06387,0.06389,102.26
BIGTIMEUSDTSWAP,3,20250604,201800,0.0639,0.06395,0.06388,0.06388,486.22
BIGTIMEUSDTSWAP,3,20250604,202100,0.0639,0.06392,0.06386,0.06389,84.8
BIGTIMEUSDTSWAP,3,20250604,202400,0.06388,0.06389,0.06374,0.06376,213.04
BIGTIMEUSDTSWAP,3,20250604,202700,0.06376,0.06378,0.06366,0.06366,463.98
BIGTIMEUSDTSWAP,3,20250604,203000,0.06364,0.06364,0.06337,0.06339,634.43
BIGTIMEUSDTSWAP,3,20250604,203300,0.06339,0.06355,0.0633,0.06353,325.7
BIGTIMEUSDTSWAP,3,20250604,203600,0.0635,0.0635,0.06329,0.06346,1089.6
BIGTIMEUSDTSWAP,3,20250604,203900,0.06345,0.06358,0.06345,0.06354,380.19
BIGTIMEUSDTSWAP,3,20250604,204200,0.06355,0.0636,0.06351,0.06355,561.08
BIGTIMEUSDTSWAP,3,20250604,204500,0.06355,0.06358,0.06346,0.06346,500.71
BIGTIMEUSDTSWAP,3,20250604,204800,0.06347,0.06358,0.06341,0.06352,664.66
BIGTIMEUSDTSWAP,3,20250604,205100,0.0635,0.06357,0.06348,0.06357,36.26
BIGTIMEUSDTSWAP,3,20250604,205400,0.06358,0.06358,0.06355,0.06357,124.49
BIGTIMEUSDTSWAP,3,20250604,205700,0.06358,0.06358,0.06352,0.06356,44.0
BIGTIMEUSDTSWAP,3,20250604,210000,0.06357,0.06382,0.06357,0.06376,342.52
BIGTIMEUSDTSWAP,3,20250604,210300,0.06374,0.06386,0.06374,0.06383,173.56
BIGTIMEUSDTSWAP,3,20250604,210600,0.06381,0.06381,0.06363,0.06366,116.13
BIGTIMEUSDTSWAP,3,20250604,210900,0.06364,0.06375,0.06364,0.06373,337.1
BIGTIMEUSDTSWAP,3,20250604,211200,0.06376,0.06376,0.0637,0.06374,20.34
BIGTIMEUSDTSWAP,3,20250604,211500,0.06375,0.06379,0.06375,0.06376,21.48
BIGTIMEUSDTSWAP,3,20250604,211800,0.06377,0.06381,0.06371,0.06377,79.78
BIGTIMEUSDTSWAP,3,20250604,212100,0.0638,0.06381,0.06375,0.06378,55.7
BIGTIMEUSDTSWAP,3,20250604,212400,0.06377,0.0638,0.06376,0.0638,62.05
BIGTIMEUSDTSWAP,3,20250604,212700,0.0638,0.06385,0.0638,0.06381,116.31
BIGTIMEUSDTSWAP,3,20250604,213000,0.0638,0.06386,0.06374,0.06375,97.17
BIGTIMEUSDTSWAP,3,20250604,213300,0.06374,0.06374,0.0636,0.06364,151.06
BIGTIMEUSDTSWAP,3,20250604,213600,0.06367,0.06367,0.06366,0.06367,14.52
BIGTIMEUSDTSWAP,3,20250604,213900,0.06367,0.06367,0.06357,0.06357,101.04
BIGTIMEUSDTSWAP,3,20250604,214200,0.06356,0.06365,0.06356,0.06361,218.14
BIGTIMEUSDTSWAP,3,20250604,214500,0.06364,0.06365,0.06356,0.06356,141.98
BIGTIMEUSDTSWAP,3,20250604,214800,0.06362,0.06362,0.0635,0.06353,103.89
BIGTIMEUSDTSWAP,3,20250604,215100,0.06351,0.06351,0.06341,0.06342,337.37
BIGTIMEUSDTSWAP,3,20250604,215400,0.06343,0.06343,0.06333,0.06335,149.5
BIGTIMEUSDTSWAP,3,20250604,215700,0.06336,0.06342,0.06335,0.06336,307.49
BIGTIMEUSDTSWAP,3,20250604,220000,0.06337,0.06341,0.06335,0.06341,80.23
BIGTIMEUSDTSWAP,3,20250604,220300,0.0634,0.06356,0.0634,0.06356,130.48
BIGTIMEUSDTSWAP,3,20250604,220600,0.06357,0.06357,0.06335,0.06339,64.52
BIGTIMEUSDTSWAP,3,20250604,220900,0.06337,0.06337,0.06326,0.06328,251.71
BIGTIMEUSDTSWAP,3,20250604,221200,0.0633,0.06335,0.06327,0.06332,81.78
BIGTIMEUSDTSWAP,3,20250604,221500,0.06332,0.06332,0.06319,0.06328,100.05
BIGTIMEUSDTSWAP,3,20250604,221800,0.06328,0.06341,0.06328,0.06339,469.73
BIGTIMEUSDTSWAP,3,20250604,222100,0.06337,0.06344,0.06336,0.0634,69.83
BIGTIMEUSDTSWAP,3,20250604,222400,0.06342,0.06342,0.06336,0.06336,2.47