<TICKER>,<PER>,<DATE>,<TIME>,<OPEN>,<HIGH>,<LOW>,<CLOSE>,<VOL>
BIGTIMEUSDTSWAP,1440,20250225,030000,0.05928,0.06429,0.05595,0.06316,938588.6
BIGTIMEUSDTSWAP,1440,20250226,030000,0.06317,0.06436,0.0601,0.06278,505794.36
BIGTIMEUSDTSWAP,1440,20250227,030000,0.0628,0.06594,0.06056,0.06202,407026.71
BIGTIMEUSDTSWAP,1440,20250228,030000,0.06202,0.06871,0.05838,0.06816,1504191.71
BIGTIMEUSDTSWAP,1440,20250301,030000,0.06817,0.06819,0.06347,0.06556,517084.17
BIGTIMEUSDTSWAP,1440,20250302,030000,0.06556,0.06952,0.06227,0.06867,668035.68
BIGTIMEUSDTSWAP,1440,20250303,030000,0.06869,0.06879,0.05491,0.05647,830682.87
BIGTIMEUSDTSWAP,1440,20250304,030000,0.05646,0.05691,0.05117,0.05571,777379.28
BIGTIMEUSDTSWAP,1440,20250305,030000,0.05568,0.05742,0.05426,0.05623,383824.18
BIGTIMEUSDTSWAP,1440,20250306,030000,0.05622,0.05728,0.05421,0.055,342483.19
BIGTIMEUSDTSWAP,1440,20250307,030000,0.05501,0.05787,0.05263,0.05365,944149.12
BIGTIMEUSDTSWAP,1440,20250308,030000,0.05365,0.05402,0.05186,0.05312,259280.69
BIGTIMEUSDTSWAP,1440,20250309,030000,0.05313,0.05328,0.0449,0.04658,468333.19
BIGTIMEUSDTSWAP,1440,20250310,030000,0.04659,0.05009,0.04373,0.04459,509192.5
BIGTIMEUSDTSWAP,1440,20250311,030000,0.04459,0.04742,0.04076,0.04619,553774.27
BIGTIMEUSDTSWAP,1440,20250312,030000,0.0462,0.04811,0.04466,0.04666,391183.72
BIGTIMEUSDTSWAP,1440,20250313,030000,0.04665,0.04716,0.04373,0.04538,296323.37
BIGTIMEUSDTSWAP,1440,20250314,030000,0.04539,0.04779,0.04509,0.04681,211286.95
BIGTIMEUSDTSWAP,1440,20250315,030000,0.04681,0.04878,0.04664,0.04845,250907.03
BIGTIMEUSDTSWAP,1440,20250316,030000,0.04844,0.04845,0.04446,0.04494,335773.82
BIGTIMEUSDTSWAP,1440,20250317,030000,0.04494,0.04869,0.04479,0.04811,294920.86
BIGTIMEUSDTSWAP,1440,20250318,030000,0.04812,0.05148,0.04658,0.04859,1040587.83
BIGTIMEUSDTSWAP,1440,20250319,030000,0.04858,0.04971,0.04765,0.0496,547287.07
BIGTIMEUSDTSWAP,1440,20250320,030000,0.04961,0.05219,0.04905,0.04975,694473.32
BIGTIMEUSDTSWAP,1440,20250321,030000,0.04973,0.05066,0.04787,0.04969,347233.31
BIGTIMEUSDTSWAP,1440,20250322,030000,0.04969,0.05372,0.04904,0.05362,697869.12
BIGTIMEUSDTSWAP,1440,20250323,030000,0.05362,0.05485,0.05121,0.05232,557064.56
BIGTIMEUSDTSWAP,1440,20250324,030000,0.05232,0.05506,0.05179,0.05446,554056.61
BIGTIMEUSDTSWAP,1440,20250325,030000,0.05444,0.05501,0.05211,0.05496,377858.4
BIGTIMEUSDTSWAP,1440,20250326,030000,0.05495,0.05874,0.05393,0.05456,741822.03
BIGTIMEUSDTSWAP,1440,20250327,030000,0.05457,0.06153,0.0544,0.06054,1912147.1
BIGTIMEUSDTSWAP,1440,20250328,030000,0.06053,0.06263,0.05123,0.05306,1471731.81
BIGTIMEUSDTSWAP,1440,20250329,030000,0.05306,0.05318,0.04664,0.04772,449077.29
BIGTIMEUSDTSWAP,1440,20250330,030000,0.04773,0.05083,0.04684,0.04928,341108.7
BIGTIMEUSDTSWAP,1440,20250331,030000,0.04929,0.05037,0.0462,0.04833,421573.62
BIGTIMEUSDTSWAP,1440,20250401,030000,0.04832,0.05049,0.04754,0.04793,507439.78
BIGTIMEUSDTSWAP,1440,20250402,030000,0.04794,0.05912,0.04514,0.05227,3123512.96
BIGTIMEUSDTSWAP,1440,20250403,030000,0.05228,0.08055,0.05073,0.0608,12700803.92
BIGTIMEUSDTSWAP,1440,20250404,030000,0.0608,0.06711,0.05624,0.06463,7888886.21
BIGTIMEUSDTSWAP,1440,20250405,030000,0.06464,0.06999,0.06265,0.06803,5143448.69
BIGTIMEUSDTSWAP,1440,20250406,030000,0.06803,0.06993,0.05715,0.05746,4815100.06
BIGTIMEUSDTSWAP,1440,20250407,030000,0.05746,0.06003,0.04905,0.05853,4554632.69
BIGTIMEUSDTSWAP,1440,20250408,030000,0.05852,0.05854,0.05041,0.05105,2267243.87
BIGTIMEUSDTSWAP,1440,20250409,030000,0.05106,0.06159,0.04863,0.06102,2666017.12
BIGTIMEUSDTSWAP,1440,20250410,030000,0.06103,0.06659,0.05736,0.06487,5347649.14
BIGTIMEUSDTSWAP,1440,20250411,030000,0.06488,0.08297,0.06284,0.07439,9122282.41
BIGTIMEUSDTSWAP,1440,20250412,030000,0.07439,0.07595,0.0678,0.07252,4564215.71
BIGTIMEUSDTSWAP,1440,20250413,030000,0.07253,0.07276,0.06501,0.06613,2997857.97
BIGTIMEUSDTSWAP,1440,20250414,030000,0.06614,0.07278,0.06495,0.06685,2045905.31
BIGTIMEUSDTSWAP,1440,20250415,030000,0.06686,0.06748,0.06343,0.06394,1531185.6
BIGTIMEUSDTSWAP,1440,20250416,030000,0.06394,0.06395,0.05866,0.0615,1964671.02
BIGTIMEUSDTSWAP,1440,20250417,030000,0.06151,0.07673,0.05972,0.07617,5884609.6
BIGTIMEUSDTSWAP,1440,20250418,030000,0.07617,0.08125,0.06992,0.07069,4860301.52
BIGTIMEUSDTSWAP,1440,20250419,030000,0.07069,0.07268,0.06941,0.07138,1806088.08
BIGTIMEUSDTSWAP,1440,20250420,030000,0.07137,0.07373,0.0671,0.07041,1821120.17
BIGTIMEUSDTSWAP,1440,20250421,030000,0.07041,0.07567,0.06912,0.07254,1606247.42
BIGTIMEUSDTSWAP,1440,20250422,030000,0.07254,0.07455,0.06752,0.07419,1447240.03
BIGTIMEUSDTSWAP,1440,20250423,030000,0.07422,0.08049,0.07114,0.07896,2142592.31
BIGTIMEUSDTSWAP,1440,20250424,030000,0.07894,0.0795,0.07266,0.07551,1694346.53
BIGTIMEUSDTSWAP,1440,20250425,030000,0.07548,0.08297,0.07247,0.08214,2455368.02
BIGTIMEUSDTSWAP,1440,20250426,030000,0.08213,0.08862,0.07824,0.08038,1963887.71
BIGTIMEUSDTSWAP,1440,20250427,030000,0.08039,0.0806,0.07559,0.07719,1164991.3
BIGTIMEUSDTSWAP,1440,20250428,030000,0.0772,0.08372,0.07542,0.08341,1977794.67
BIGTIMEUSDTSWAP,1440,20250429,030000,0.08339,0.08537,0.07731,0.07849,1289361.0
BIGTIMEUSDTSWAP,1440,20250430,030000,0.0785,0.0819,0.07416,0.08013,1098370.19
BIGTIMEUSDTSWAP,1440,20250501,030000,0.08004,0.08276,0.0793,0.08262,689999.55
BIGTIMEUSDTSWAP,1440,20250502,030000,0.08261,0.08301,0.07847,0.07984,797606.16
BIGTIMEUSDTSWAP,1440,20250503,030000,0.07983,0.08255,0.07278,0.07739,1061582.85
BIGTIMEUSDTSWAP,1440,20250504,030000,0.07739,0.07791,0.06996,0.07118,1196803.46
BIGTIMEUSDTSWAP,1440,20250505,030000,0.07118,0.07194,0.06791,0.06947,711147.99
BIGTIMEUSDTSWAP,1440,20250506,030000,0.06947,0.07166,0.06376,0.06741,815753.28
BIGTIMEUSDTSWAP,1440,20250507,030000,0.06741,0.06892,0.06569,0.0689,394222.71
BIGTIMEUSDTSWAP,1440,20250508,030000,0.0689,0.07823,0.06831,0.07687,852168.22
BIGTIMEUSDTSWAP,1440,20250509,030000,0.07686,0.08417,0.07667,0.08271,923187.29
BIGTIMEUSDTSWAP,1440,20250510,030000,0.08272,0.08645,0.08091,0.08607,965632.91
BIGTIMEUSDTSWAP,1440,20250511,030000,0.08607,0.08649,0.08027,0.08257,642619.1
BIGTIMEUSDTSWAP,1440,20250512,030000,0.08257,0.09092,0.08124,0.08733,2113867.55
BIGTIMEUSDTSWAP,1440,20250513,030000,0.08733,0.09188,0.08128,0.08858,1107498.01
BIGTIMEUSDTSWAP,1440,20250514,030000,0.08857,0.08978,0.08187,0.08283,660434.78
BIGTIMEUSDTSWAP,1440,20250515,030000,0.08285,0.08328,0.07401,0.0761,971100.34
BIGTIMEUSDTSWAP,1440,20250516,030000,0.0761,0.07849,0.07411,0.07495,412474.48
BIGTIMEUSDTSWAP,1440,20250517,030000,0.07491,0.07511,0.06988,0.07086,505431.1
BIGTIMEUSDTSWAP,1440,20250518,030000,0.07086,0.07716,0.07056,0.07555,492325.71
BIGTIMEUSDTSWAP,1440,20250519,030000,0.07558,0.07638,0.06924,0.07349,494810.47
BIGTIMEUSDTSWAP,1440,20250520,030000,0.0735,0.07535,0.07113,0.07393,380251.88
BIGTIMEUSDTSWAP,1440,20250521,030000,0.07394,0.07687,0.07243,0.07551,470173.37
BIGTIMEUSDTSWAP,1440,20250522,030000,0.07552,0.0805,0.0754,0.08035,446547.42
BIGTIMEUSDTSWAP,1440,20250523,030000,0.08039,0.08199,0.07188,0.07262,627083.16
BIGTIMEUSDTSWAP,1440,20250524,030000,0.0726,0.07528,0.07213,0.07332,264393.16
BIGTIMEUSDTSWAP,1440,20250525,030000,0.07329,0.07364,0.06966,0.07329,320706.12
BIGTIMEUSDTSWAP,1440,20250526,030000,0.07328,0.0748,0.07161,0.07216,253934.99
BIGTIMEUSDTSWAP,1440,20250527,030000,0.07217,0.07471,0.07008,0.07368,308026.11
BIGTIMEUSDTSWAP,1440,20250528,030000,0.07369,0.07433,0.07036,0.07256,300430.81
BIGTIMEUSDTSWAP,1440,20250529,030000,0.07257,0.07399,0.06869,0.06942,357998.91
BIGTIMEUSDTSWAP,1440,20250530,030000,0.06942,0.06973,0.05929,0.06013,497489.96
BIGTIMEUSDTSWAP,1440,20250531,030000,0.06012,0.06153,0.05762,0.06138,253172.59
BIGTIMEUSDTSWAP,1440,20250601,030000,0.06138,0.06315,0.06013,0.06279,266850.65
BIGTIMEUSDTSWAP,1440,20250602,030000,0.06281,0.06412,0.06086,0.06394,267199.58
BIGTIMEUSDTSWAP,1440,20250603,030000,0.06395,0.06631,0.06344,0.06496,301147.9
BIGTIMEUSDTSWAP,1440,20250604,030000,0.06499,0.06867,0.06319,0.06336,414786.33