<TICKER>,<PER>,<DATE>,<TIME>,<OPEN>,<HIGH>,<LOW>,<CLOSE>,<VOL>
BIOUSDTSWAP,1440,20250225,030000,0.1032,0.1109,0.0932,0.1079,21730129.36
BIOUSDTSWAP,1440,20250226,030000,0.1079,0.1217,0.105,0.117,12993481.04
BIOUSDTSWAP,1440,20250227,030000,0.1171,0.132,0.1158,0.1218,21567219.21
BIOUSDTSWAP,1440,20250228,030000,0.1218,0.1325,0.1144,0.1267,24273804.21
BIOUSDTSWAP,1440,20250301,030000,0.1268,0.1328,0.1189,0.1219,13584739.56
BIOUSDTSWAP,1440,20250302,030000,0.122,0.1363,0.1191,0.1349,14129102.8
BIOUSDTSWAP,1440,20250303,030000,0.1349,0.1354,0.1033,0.1041,16140154.88
BIOUSDTSWAP,1440,20250304,030000,0.1041,0.1053,0.0889,0.1007,20817812.34
BIOUSDTSWAP,1440,20250305,030000,0.1007,0.108,0.0969,0.1057,7320291.74
BIOUSDTSWAP,1440,20250306,030000,0.1056,0.1123,0.102,0.1021,8674757.41
BIOUSDTSWAP,1440,20250307,030000,0.1022,0.1066,0.0986,0.1,7648995.17
BIOUSDTSWAP,1440,20250308,030000,0.0999,0.1003,0.0916,0.0936,5175191.53
BIOUSDTSWAP,1440,20250309,030000,0.0937,0.0938,0.08,0.0825,6837714.12
BIOUSDTSWAP,1440,20250310,030000,0.0826,0.0926,0.08,0.0826,7595600.04
BIOUSDTSWAP,1440,20250311,030000,0.0827,0.0884,0.0759,0.0845,6774078.49
BIOUSDTSWAP,1440,20250312,030000,0.0845,0.0875,0.0816,0.0859,3938730.22
BIOUSDTSWAP,1440,20250313,030000,0.086,0.0871,0.0795,0.0827,3782425.08
BIOUSDTSWAP,1440,20250314,030000,0.0827,0.0888,0.0824,0.0854,3040291.5
BIOUSDTSWAP,1440,20250315,030000,0.0854,0.096,0.0847,0.0938,3189485.72
BIOUSDTSWAP,1440,20250316,030000,0.0938,0.0938,0.0845,0.0852,4025784.57
BIOUSDTSWAP,1440,20250317,030000,0.0853,0.09383,0.085,0.09134,3339106.29
BIOUSDTSWAP,1440,20250318,030000,0.09133,0.09181,0.082,0.08588,3736208.47
BIOUSDTSWAP,1440,20250319,030000,0.08587,0.08961,0.08424,0.08937,3782251.92
BIOUSDTSWAP,1440,20250320,030000,0.08936,0.09618,0.0845,0.085,10312703.39
BIOUSDTSWAP,1440,20250321,030000,0.08505,0.08883,0.07912,0.08373,8923912.67
BIOUSDTSWAP,1440,20250322,030000,0.08373,0.08943,0.08134,0.0864,4332608.68
BIOUSDTSWAP,1440,20250323,030000,0.08641,0.08788,0.08476,0.0876,2542923.77
BIOUSDTSWAP,1440,20250324,030000,0.08757,0.10165,0.0855,0.09967,8136307.87
BIOUSDTSWAP,1440,20250325,030000,0.09966,0.10282,0.09601,0.10076,8413009.28
BIOUSDTSWAP,1440,20250326,030000,0.10076,0.10576,0.09613,0.09906,18662932.35
BIOUSDTSWAP,1440,20250327,030000,0.09905,0.10143,0.09479,0.09517,5086463.44
BIOUSDTSWAP,1440,20250328,030000,0.09516,0.09685,0.08571,0.08995,7281499.03
BIOUSDTSWAP,1440,20250329,030000,0.08995,0.09069,0.0765,0.07845,6290694.9
BIOUSDTSWAP,1440,20250330,030000,0.07844,0.08085,0.07672,0.0778,3465261.37
BIOUSDTSWAP,1440,20250331,030000,0.07782,0.07868,0.0724,0.07308,3447193.94
BIOUSDTSWAP,1440,20250401,030000,0.07308,0.07812,0.07236,0.07333,3114991.08
BIOUSDTSWAP,1440,20250402,030000,0.07334,0.07343,0.06671,0.06975,6731115.5
BIOUSDTSWAP,1440,20250403,030000,0.06975,0.07069,0.06181,0.06447,4297080.16
BIOUSDTSWAP,1440,20250404,030000,0.06447,0.06623,0.06162,0.0655,2814536.04
BIOUSDTSWAP,1440,20250405,030000,0.0655,0.06671,0.06358,0.06442,1499084.29
BIOUSDTSWAP,1440,20250406,030000,0.06441,0.06447,0.05253,0.05443,4447111.48
BIOUSDTSWAP,1440,20250407,030000,0.05441,0.06021,0.04961,0.05726,3796348.49
BIOUSDTSWAP,1440,20250408,030000,0.05728,0.06051,0.0551,0.05557,4261992.92
BIOUSDTSWAP,1440,20250409,030000,0.05557,0.06244,0.05317,0.06128,2766249.15
BIOUSDTSWAP,1440,20250410,030000,0.06125,0.06131,0.05387,0.05529,2878313.59
BIOUSDTSWAP,1440,20250411,030000,0.0553,0.05901,0.05523,0.05709,2832325.32
BIOUSDTSWAP,1440,20250412,030000,0.05708,0.06017,0.05568,0.05725,4265201.68
BIOUSDTSWAP,1440,20250413,030000,0.05726,0.05778,0.04703,0.04844,8276855.76
BIOUSDTSWAP,1440,20250414,030000,0.04844,0.05055,0.04409,0.04502,8033289.21
BIOUSDTSWAP,1440,20250415,030000,0.04502,0.04571,0.04172,0.04326,5649481.78
BIOUSDTSWAP,1440,20250416,030000,0.04325,0.0436,0.04035,0.04324,5365046.94
BIOUSDTSWAP,1440,20250417,030000,0.04321,0.05982,0.04257,0.04979,64897626.59
BIOUSDTSWAP,1440,20250418,030000,0.04978,0.05387,0.04495,0.04535,30740726.38
BIOUSDTSWAP,1440,20250419,030000,0.04535,0.05152,0.04498,0.04896,10528254.56
BIOUSDTSWAP,1440,20250420,030000,0.04897,0.05936,0.04897,0.05257,26326951.9
BIOUSDTSWAP,1440,20250421,030000,0.05259,0.05554,0.05151,0.05208,12418194.71
BIOUSDTSWAP,1440,20250422,030000,0.05209,0.0716,0.05108,0.06941,31965936.48
BIOUSDTSWAP,1440,20250423,030000,0.06942,0.0844,0.06896,0.07316,39999935.9
BIOUSDTSWAP,1440,20250424,030000,0.07315,0.0741,0.06496,0.07389,14236493.31
BIOUSDTSWAP,1440,20250425,030000,0.07386,0.08797,0.06873,0.07738,19075997.91
BIOUSDTSWAP,1440,20250426,030000,0.07738,0.08352,0.07484,0.07734,9193234.67
BIOUSDTSWAP,1440,20250427,030000,0.07735,0.07762,0.06814,0.07414,8684414.94
BIOUSDTSWAP,1440,20250428,030000,0.07415,0.07891,0.07053,0.07648,7773359.98
BIOUSDTSWAP,1440,20250429,030000,0.07647,0.08069,0.06976,0.07023,8795705.04
BIOUSDTSWAP,1440,20250430,030000,0.07022,0.07426,0.06729,0.07246,5621283.25
BIOUSDTSWAP,1440,20250501,030000,0.0725,0.07913,0.07005,0.07142,5860348.71
BIOUSDTSWAP,1440,20250502,030000,0.07137,0.0719,0.06669,0.07068,4986471.17
BIOUSDTSWAP,1440,20250503,030000,0.07068,0.07688,0.06459,0.06661,10397332.7
BIOUSDTSWAP,1440,20250504,030000,0.0666,0.06695,0.0573,0.05814,6411527.72
BIOUSDTSWAP,1440,20250505,030000,0.05814,0.06392,0.05796,0.06195,6142905.71
BIOUSDTSWAP,1440,20250506,030000,0.06197,0.06428,0.05515,0.05847,4626210.65
BIOUSDTSWAP,1440,20250507,030000,0.05848,0.06113,0.05671,0.05854,3455678.81
BIOUSDTSWAP,1440,20250508,030000,0.05854,0.07312,0.05792,0.07073,5115046.54
BIOUSDTSWAP,1440,20250509,030000,0.07069,0.09069,0.06982,0.08992,12750288.29
BIOUSDTSWAP,1440,20250510,030000,0.08991,0.09429,0.08203,0.09412,9828528.1
BIOUSDTSWAP,1440,20250511,030000,0.09405,0.09407,0.08191,0.086,9214348.71
BIOUSDTSWAP,1440,20250512,030000,0.08601,0.09731,0.08158,0.08659,12322248.45
BIOUSDTSWAP,1440,20250513,030000,0.08657,0.09748,0.07793,0.09414,10972158.82
BIOUSDTSWAP,1440,20250514,030000,0.09411,0.10284,0.08528,0.08658,14215231.37
BIOUSDTSWAP,1440,20250515,030000,0.08659,0.08821,0.07599,0.07859,8619663.38
BIOUSDTSWAP,1440,20250516,030000,0.0786,0.08375,0.07475,0.07572,6025144.39
BIOUSDTSWAP,1440,20250517,030000,0.07572,0.07593,0.0702,0.07154,5906489.08
BIOUSDTSWAP,1440,20250518,030000,0.07157,0.07966,0.07078,0.07856,5800834.24
BIOUSDTSWAP,1440,20250519,030000,0.07857,0.07872,0.06914,0.07386,5902489.07
BIOUSDTSWAP,1440,20250520,030000,0.07387,0.07948,0.07229,0.0751,5462094.65
BIOUSDTSWAP,1440,20250521,030000,0.0751,0.07988,0.06962,0.07824,19582296.54
BIOUSDTSWAP,1440,20250522,030000,0.07825,0.10243,0.0779,0.10072,25324987.13
BIOUSDTSWAP,1440,20250523,030000,0.10074,0.10204,0.08546,0.08638,25664687.82
BIOUSDTSWAP,1440,20250524,030000,0.08638,0.09436,0.08421,0.08857,8853208.86
BIOUSDTSWAP,1440,20250525,030000,0.08856,0.08982,0.07856,0.08777,8984549.09
BIOUSDTSWAP,1440,20250526,030000,0.08778,0.09177,0.07965,0.08106,9056544.11
BIOUSDTSWAP,1440,20250527,030000,0.08102,0.0854,0.07868,0.08369,9571788.92
BIOUSDTSWAP,1440,20250528,030000,0.08368,0.08748,0.07816,0.08173,8341308.34
BIOUSDTSWAP,1440,20250529,030000,0.08176,0.08541,0.07705,0.0781,7293984.89
BIOUSDTSWAP,1440,20250530,030000,0.0781,0.07851,0.05993,0.06206,12334928.82
BIOUSDTSWAP,1440,20250531,030000,0.06207,0.06844,0.05927,0.06693,6916260.48
BIOUSDTSWAP,1440,20250601,030000,0.0669,0.06871,0.06432,0.06846,4885528.04
BIOUSDTSWAP,1440,20250602,030000,0.06846,0.07004,0.06476,0.06961,4398412.47
BIOUSDTSWAP,1440,20250603,030000,0.06961,0.07296,0.0683,0.0695,4012326.6
BIOUSDTSWAP,1440,20250604,030000,0.06949,0.07143,0.06341,0.06439,3293515.1