<TICKER>,<PER>,<DATE>,<TIME>,<OPEN>,<HIGH>,<LOW>,<CLOSE>,<VOL>
BLURUSDTSWAP,60,20250531,190000,0.08795,0.08897,0.08763,0.08849,13119.94
BLURUSDTSWAP,60,20250531,200000,0.0885,0.0887,0.08786,0.08796,6819.9
BLURUSDTSWAP,60,20250531,210000,0.08796,0.08894,0.08794,0.08876,4643.76
BLURUSDTSWAP,60,20250531,220000,0.08873,0.08934,0.08873,0.08908,4770.57
BLURUSDTSWAP,60,20250531,230000,0.08908,0.08942,0.08882,0.08934,1692.52
BLURUSDTSWAP,60,20250601,000000,0.08936,0.08976,0.08924,0.0893,6480.39
BLURUSDTSWAP,60,20250601,010000,0.08931,0.08947,0.08871,0.08874,6409.42
BLURUSDTSWAP,60,20250601,020000,0.08873,0.08912,0.08842,0.08863,8244.88
BLURUSDTSWAP,60,20250601,030000,0.08863,0.08868,0.08801,0.08847,12479.99
BLURUSDTSWAP,60,20250601,040000,0.08848,0.08915,0.08771,0.08795,12673.7
BLURUSDTSWAP,60,20250601,050000,0.08794,0.08851,0.08735,0.08834,5411.21
BLURUSDTSWAP,60,20250601,060000,0.08835,0.08836,0.08753,0.08808,6529.15
BLURUSDTSWAP,60,20250601,070000,0.08809,0.0892,0.08802,0.08896,6437.0
BLURUSDTSWAP,60,20250601,080000,0.08897,0.08935,0.08849,0.08871,16103.13
BLURUSDTSWAP,60,20250601,090000,0.08873,0.08881,0.088,0.08802,9344.42
BLURUSDTSWAP,60,20250601,100000,0.08803,0.08803,0.08741,0.08764,11715.47
BLURUSDTSWAP,60,20250601,110000,0.08765,0.08787,0.08693,0.08723,7978.25
BLURUSDTSWAP,60,20250601,120000,0.08721,0.08745,0.08563,0.0862,16126.79
BLURUSDTSWAP,60,20250601,130000,0.08621,0.0867,0.08607,0.08669,6324.02
BLURUSDTSWAP,60,20250601,140000,0.08663,0.08704,0.08642,0.08676,5871.0
BLURUSDTSWAP,60,20250601,150000,0.08679,0.08701,0.08591,0.08618,7031.64
BLURUSDTSWAP,60,20250601,160000,0.08616,0.08716,0.08612,0.08688,5665.36
BLURUSDTSWAP,60,20250601,170000,0.0869,0.08845,0.0869,0.08806,22531.61
BLURUSDTSWAP,60,20250601,180000,0.08809,0.08858,0.08783,0.08828,7767.07
BLURUSDTSWAP,60,20250601,190000,0.08825,0.0898,0.08812,0.08914,15105.58
BLURUSDTSWAP,60,20250601,200000,0.08915,0.08948,0.08887,0.08898,7676.62
BLURUSDTSWAP,60,20250601,210000,0.08899,0.08899,0.08731,0.08809,9705.34
BLURUSDTSWAP,60,20250601,220000,0.08809,0.08842,0.08804,0.08832,5362.65
BLURUSDTSWAP,60,20250601,230000,0.08832,0.08863,0.08797,0.08818,4182.92
BLURUSDTSWAP,60,20250602,000000,0.08819,0.08893,0.08814,0.08882,7550.56
BLURUSDTSWAP,60,20250602,010000,0.0888,0.08919,0.08854,0.08868,7401.21
BLURUSDTSWAP,60,20250602,020000,0.08867,0.08945,0.08867,0.08928,10643.41
BLURUSDTSWAP,60,20250602,030000,0.08928,0.08946,0.0885,0.08895,19376.62
BLURUSDTSWAP,60,20250602,040000,0.08897,0.08936,0.08811,0.08814,7467.34
BLURUSDTSWAP,60,20250602,050000,0.0881,0.08812,0.0871,0.08743,32763.42
BLURUSDTSWAP,60,20250602,060000,0.08745,0.0876,0.08652,0.08735,10822.72
BLURUSDTSWAP,60,20250602,070000,0.08735,0.08794,0.08723,0.08752,11787.97
BLURUSDTSWAP,60,20250602,080000,0.08754,0.08817,0.08721,0.08776,22973.21
BLURUSDTSWAP,60,20250602,090000,0.08779,0.08906,0.08751,0.08862,9430.67
BLURUSDTSWAP,60,20250602,100000,0.08858,0.08937,0.08852,0.0891,8749.4
BLURUSDTSWAP,60,20250602,110000,0.08909,0.08988,0.08863,0.0888,13556.91
BLURUSDTSWAP,60,20250602,120000,0.08883,0.08883,0.08768,0.08792,43935.67
BLURUSDTSWAP,60,20250602,130000,0.0879,0.08797,0.08713,0.08765,21292.54
BLURUSDTSWAP,60,20250602,140000,0.08764,0.0881,0.08718,0.08752,11663.39
BLURUSDTSWAP,60,20250602,150000,0.08758,0.08911,0.0874,0.08883,12407.9
BLURUSDTSWAP,60,20250602,160000,0.08886,0.08961,0.08828,0.08841,15103.89
BLURUSDTSWAP,60,20250602,170000,0.08838,0.09018,0.0882,0.08954,16750.04
BLURUSDTSWAP,60,20250602,180000,0.08955,0.09053,0.08911,0.09005,16755.25
BLURUSDTSWAP,60,20250602,190000,0.09006,0.09034,0.08925,0.08996,12066.42
BLURUSDTSWAP,60,20250602,200000,0.08995,0.09047,0.08922,0.09041,27364.14
BLURUSDTSWAP,60,20250602,210000,0.09035,0.09109,0.08993,0.09006,10389.35
BLURUSDTSWAP,60,20250602,220000,0.09008,0.0904,0.08883,0.08932,7111.1
BLURUSDTSWAP,60,20250602,230000,0.08934,0.09115,0.08934,0.09113,14013.43
BLURUSDTSWAP,60,20250603,000000,0.09113,0.09207,0.09099,0.09166,13327.22
BLURUSDTSWAP,60,20250603,010000,0.09166,0.09224,0.09165,0.09167,12922.69
BLURUSDTSWAP,60,20250603,020000,0.0917,0.09229,0.09168,0.09209,14286.86
BLURUSDTSWAP,60,20250603,030000,0.09209,0.09337,0.09198,0.09316,21130.97
BLURUSDTSWAP,60,20250603,040000,0.09318,0.09423,0.09318,0.09406,13007.09
BLURUSDTSWAP,60,20250603,050000,0.09408,0.0943,0.09283,0.09298,9178.63
BLURUSDTSWAP,60,20250603,060000,0.09296,0.09305,0.09213,0.09241,21693.7
BLURUSDTSWAP,60,20250603,070000,0.09242,0.09245,0.09162,0.09174,7369.11
BLURUSDTSWAP,60,20250603,080000,0.09176,0.09374,0.09176,0.09369,25657.75
BLURUSDTSWAP,60,20250603,090000,0.09366,0.09366,0.09275,0.09338,8411.98
BLURUSDTSWAP,60,20250603,100000,0.09332,0.09344,0.09235,0.09275,20000.25
BLURUSDTSWAP,60,20250603,110000,0.09273,0.09329,0.09211,0.09287,25366.11
BLURUSDTSWAP,60,20250603,120000,0.09286,0.09333,0.09248,0.093,6180.76
BLURUSDTSWAP,60,20250603,130000,0.093,0.09322,0.09263,0.09291,4997.73
BLURUSDTSWAP,60,20250603,140000,0.09291,0.09339,0.09253,0.09272,7966.01
BLURUSDTSWAP,60,20250603,150000,0.09272,0.0935,0.09268,0.09333,13222.98
BLURUSDTSWAP,60,20250603,160000,0.09333,0.09406,0.0929,0.09345,33199.72
BLURUSDTSWAP,60,20250603,170000,0.09348,0.09426,0.09284,0.09416,25279.61
BLURUSDTSWAP,60,20250603,180000,0.09418,0.09456,0.09374,0.09426,14428.75
BLURUSDTSWAP,60,20250603,190000,0.09426,0.09451,0.09376,0.09386,17781.49
BLURUSDTSWAP,60,20250603,200000,0.09378,0.09542,0.09375,0.09535,22563.0
BLURUSDTSWAP,60,20250603,210000,0.09535,0.09544,0.09415,0.09435,11984.54
BLURUSDTSWAP,60,20250603,220000,0.0943,0.09475,0.09424,0.09456,5169.71
BLURUSDTSWAP,60,20250603,230000,0.09452,0.09455,0.0928,0.0933,9593.12
BLURUSDTSWAP,60,20250604,000000,0.09326,0.09364,0.09228,0.09265,12315.36
BLURUSDTSWAP,60,20250604,010000,0.09264,0.0933,0.09247,0.09305,6817.75
BLURUSDTSWAP,60,20250604,020000,0.09306,0.09321,0.09262,0.09267,7439.12
BLURUSDTSWAP,60,20250604,030000,0.09267,0.09349,0.09234,0.09344,10168.31
BLURUSDTSWAP,60,20250604,040000,0.09347,0.09472,0.09343,0.09413,10525.84
BLURUSDTSWAP,60,20250604,050000,0.09414,0.09443,0.09313,0.09331,23265.95
BLURUSDTSWAP,60,20250604,060000,0.09327,0.09438,0.09327,0.09397,7403.77
BLURUSDTSWAP,60,20250604,070000,0.09396,0.09424,0.09315,0.09374,20407.27
BLURUSDTSWAP,60,20250604,080000,0.09371,0.09415,0.09338,0.09346,19082.26
BLURUSDTSWAP,60,20250604,090000,0.09349,0.09425,0.09314,0.09378,9424.45
BLURUSDTSWAP,60,20250604,100000,0.09379,0.09387,0.09311,0.0933,13541.96
BLURUSDTSWAP,60,20250604,110000,0.09332,0.09466,0.09332,0.09371,42303.45
BLURUSDTSWAP,60,20250604,120000,0.09371,0.09416,0.09282,0.0936,34652.46
BLURUSDTSWAP,60,20250604,130000,0.09366,0.09404,0.09324,0.09346,17726.84
BLURUSDTSWAP,60,20250604,140000,0.09345,0.09373,0.09284,0.09284,20411.72
BLURUSDTSWAP,60,20250604,150000,0.09292,0.09317,0.09201,0.09244,9402.85
BLURUSDTSWAP,60,20250604,160000,0.09242,0.0928,0.09175,0.09184,35296.58
BLURUSDTSWAP,60,20250604,170000,0.09183,0.09297,0.09113,0.09289,33572.04
BLURUSDTSWAP,60,20250604,180000,0.09289,0.09414,0.09289,0.09387,29146.65
BLURUSDTSWAP,60,20250604,190000,0.09389,0.09398,0.0931,0.09346,31979.97
BLURUSDTSWAP,60,20250604,200000,0.09346,0.09352,0.09177,0.09215,10320.79
BLURUSDTSWAP,60,20250604,210000,0.09217,0.09266,0.09192,0.09204,8499.36
BLURUSDTSWAP,60,20250604,220000,0.09204,0.09228,0.09175,0.09202,3968.21