<TICKER>,<PER>,<DATE>,<TIME>,<OPEN>,<HIGH>,<LOW>,<CLOSE>,<VOL>
BONKUSDTSWAP,3,20250604,172700,0.000016267,0.000016267,0.000016209,0.000016222,0.22
BONKUSDTSWAP,3,20250604,173000,0.000016223,0.000016261,0.000016212,0.000016261,0.07
BONKUSDTSWAP,3,20250604,173300,0.000016263,0.000016299,0.000016245,0.000016274,0.16
BONKUSDTSWAP,3,20250604,173600,0.000016273,0.000016283,0.000016239,0.000016242,0.06
BONKUSDTSWAP,3,20250604,173900,0.000016245,0.000016297,0.000016245,0.000016286,0.2
BONKUSDTSWAP,3,20250604,174200,0.000016287,0.000016313,0.000016273,0.000016313,0.27
BONKUSDTSWAP,3,20250604,174500,0.000016311,0.000016328,0.000016282,0.000016323,0.15
BONKUSDTSWAP,3,20250604,174800,0.000016329,0.00001637,0.000016312,0.000016338,0.35
BONKUSDTSWAP,3,20250604,175100,0.000016335,0.00001634,0.000016322,0.00001634,0.05
BONKUSDTSWAP,3,20250604,175400,0.000016338,0.000016427,0.000016337,0.000016416,0.24
BONKUSDTSWAP,3,20250604,175700,0.000016414,0.000016464,0.000016414,0.000016455,0.46
BONKUSDTSWAP,3,20250604,180000,0.000016453,0.000016469,0.00001641,0.00001641,0.16
BONKUSDTSWAP,3,20250604,180300,0.000016409,0.000016484,0.000016406,0.000016472,0.44
BONKUSDTSWAP,3,20250604,180600,0.000016472,0.000016642,0.000016471,0.000016521,0.88
BONKUSDTSWAP,3,20250604,180900,0.00001652,0.000016574,0.000016509,0.000016545,0.48
BONKUSDTSWAP,3,20250604,181200,0.000016546,0.00001658,0.000016537,0.000016566,0.12
BONKUSDTSWAP,3,20250604,181500,0.000016563,0.000016669,0.000016563,0.000016614,0.28
BONKUSDTSWAP,3,20250604,181800,0.000016613,0.000016625,0.000016567,0.000016572,0.38
BONKUSDTSWAP,3,20250604,182100,0.000016572,0.000016657,0.000016548,0.000016612,0.68
BONKUSDTSWAP,3,20250604,182400,0.000016608,0.000016645,0.000016603,0.000016603,0.14
BONKUSDTSWAP,3,20250604,182700,0.000016603,0.00001664,0.0000166,0.000016636,0.13
BONKUSDTSWAP,3,20250604,183000,0.00001663,0.000016644,0.000016571,0.00001662,0.25
BONKUSDTSWAP,3,20250604,183300,0.000016634,0.000016644,0.000016577,0.000016586,0.16
BONKUSDTSWAP,3,20250604,183600,0.000016583,0.000016668,0.000016583,0.00001665,0.43
BONKUSDTSWAP,3,20250604,183900,0.000016652,0.000016677,0.000016612,0.000016668,0.27
BONKUSDTSWAP,3,20250604,184200,0.000016665,0.000016694,0.000016632,0.000016646,0.36
BONKUSDTSWAP,3,20250604,184500,0.000016648,0.000016667,0.0000166,0.0000166,0.13
BONKUSDTSWAP,3,20250604,184800,0.0000166,0.000016616,0.000016564,0.000016579,0.23
BONKUSDTSWAP,3,20250604,185100,0.000016581,0.000016625,0.000016574,0.000016592,0.09
BONKUSDTSWAP,3,20250604,185400,0.000016591,0.000016642,0.000016583,0.00001663,0.25
BONKUSDTSWAP,3,20250604,185700,0.000016631,0.000016635,0.000016579,0.000016619,0.2
BONKUSDTSWAP,3,20250604,190000,0.000016617,0.000016617,0.000016555,0.00001657,0.36
BONKUSDTSWAP,3,20250604,190300,0.00001657,0.000016586,0.000016545,0.000016545,0.25
BONKUSDTSWAP,3,20250604,190600,0.000016544,0.000016568,0.000016527,0.000016553,0.42
BONKUSDTSWAP,3,20250604,190900,0.000016556,0.000016574,0.000016547,0.000016566,0.09
BONKUSDTSWAP,3,20250604,191200,0.000016565,0.000016578,0.000016551,0.000016554,0.06
BONKUSDTSWAP,3,20250604,191500,0.000016552,0.000016557,0.000016458,0.000016462,0.99
BONKUSDTSWAP,3,20250604,191800,0.000016464,0.00001649,0.000016421,0.000016442,0.91
BONKUSDTSWAP,3,20250604,192100,0.000016442,0.000016473,0.000016407,0.000016422,0.28
BONKUSDTSWAP,3,20250604,192400,0.000016419,0.00001642,0.000016364,0.00001638,0.59
BONKUSDTSWAP,3,20250604,192700,0.00001638,0.000016384,0.00001636,0.000016371,0.41
BONKUSDTSWAP,3,20250604,193000,0.000016373,0.000016392,0.000016358,0.000016387,0.35
BONKUSDTSWAP,3,20250604,193300,0.000016383,0.00001646,0.000016369,0.000016459,0.34
BONKUSDTSWAP,3,20250604,193600,0.00001646,0.000016467,0.000016435,0.00001646,0.09
BONKUSDTSWAP,3,20250604,193900,0.000016462,0.000016485,0.000016438,0.000016438,0.15
BONKUSDTSWAP,3,20250604,194200,0.000016436,0.000016448,0.000016417,0.000016436,0.03
BONKUSDTSWAP,3,20250604,194500,0.000016436,0.000016461,0.000016412,0.000016452,0.1
BONKUSDTSWAP,3,20250604,194800,0.000016452,0.000016478,0.000016428,0.000016464,0.07
BONKUSDTSWAP,3,20250604,195100,0.000016462,0.000016462,0.000016442,0.000016444,0.08
BONKUSDTSWAP,3,20250604,195400,0.000016445,0.000016499,0.000016445,0.00001647,0.55
BONKUSDTSWAP,3,20250604,195700,0.000016472,0.000016473,0.000016431,0.00001646,0.4
BONKUSDTSWAP,3,20250604,200000,0.000016458,0.000016459,0.000016377,0.000016378,0.09
BONKUSDTSWAP,3,20250604,200300,0.000016379,0.0000164,0.000016356,0.000016378,0.05
BONKUSDTSWAP,3,20250604,200600,0.000016379,0.000016379,0.000016345,0.000016363,0.07
BONKUSDTSWAP,3,20250604,200900,0.000016362,0.000016362,0.000016329,0.00001633,0.05
BONKUSDTSWAP,3,20250604,201200,0.000016335,0.000016372,0.000016335,0.000016352,0.1
BONKUSDTSWAP,3,20250604,201500,0.000016353,0.000016357,0.000016286,0.000016305,0.06
BONKUSDTSWAP,3,20250604,201800,0.000016306,0.000016345,0.000016306,0.00001634,0.13
BONKUSDTSWAP,3,20250604,202100,0.000016342,0.000016356,0.000016321,0.000016334,0.06
BONKUSDTSWAP,3,20250604,202400,0.000016333,0.000016342,0.000016274,0.00001629,0.05
BONKUSDTSWAP,3,20250604,202700,0.000016292,0.000016311,0.000016251,0.000016258,0.3
BONKUSDTSWAP,3,20250604,203000,0.000016256,0.000016256,0.000016175,0.00001619,0.25
BONKUSDTSWAP,3,20250604,203300,0.000016191,0.00001625,0.000016155,0.00001623,0.46
BONKUSDTSWAP,3,20250604,203600,0.000016228,0.000016228,0.000016176,0.000016198,0.23
BONKUSDTSWAP,3,20250604,203900,0.000016196,0.00001622,0.000016178,0.000016211,0.13
BONKUSDTSWAP,3,20250604,204200,0.000016211,0.000016211,0.000016192,0.000016192,0.04
BONKUSDTSWAP,3,20250604,204500,0.000016196,0.000016227,0.000016185,0.00001621,0.06
BONKUSDTSWAP,3,20250604,204800,0.000016208,0.000016268,0.000016199,0.000016227,0.23
BONKUSDTSWAP,3,20250604,205100,0.000016228,0.00001625,0.00001621,0.000016238,0.21
BONKUSDTSWAP,3,20250604,205400,0.00001624,0.000016286,0.00001624,0.000016272,0.09
BONKUSDTSWAP,3,20250604,205700,0.000016274,0.000016283,0.000016267,0.000016267,0.06
BONKUSDTSWAP,3,20250604,210000,0.000016271,0.00001631,0.000016271,0.000016296,0.06
BONKUSDTSWAP,3,20250604,210300,0.000016297,0.00001633,0.000016294,0.000016312,0.12
BONKUSDTSWAP,3,20250604,210600,0.000016313,0.000016314,0.000016222,0.000016236,0.29
BONKUSDTSWAP,3,20250604,210900,0.000016234,0.00001628,0.000016218,0.00001627,0.04
BONKUSDTSWAP,3,20250604,211200,0.000016271,0.000016274,0.000016252,0.000016256,0.02
BONKUSDTSWAP,3,20250604,211500,0.00001626,0.000016272,0.000016248,0.000016267,0.04
BONKUSDTSWAP,3,20250604,211800,0.00001627,0.000016325,0.000016256,0.000016307,0.07
BONKUSDTSWAP,3,20250604,212100,0.000016304,0.000016317,0.000016295,0.000016305,0.08
BONKUSDTSWAP,3,20250604,212400,0.000016306,0.000016324,0.000016305,0.000016312,0.13
BONKUSDTSWAP,3,20250604,212700,0.000016312,0.00001634,0.000016312,0.000016316,0.07
BONKUSDTSWAP,3,20250604,213000,0.000016315,0.000016338,0.000016286,0.000016319,0.13
BONKUSDTSWAP,3,20250604,213300,0.000016316,0.000016316,0.00001628,0.000016292,0.05
BONKUSDTSWAP,3,20250604,213600,0.000016292,0.000016306,0.000016287,0.00001629,0.09
BONKUSDTSWAP,3,20250604,213900,0.000016289,0.000016292,0.000016267,0.000016273,0.07
BONKUSDTSWAP,3,20250604,214200,0.000016276,0.000016339,0.00001627,0.000016336,0.13
BONKUSDTSWAP,3,20250604,214500,0.000016338,0.000016351,0.000016318,0.000016332,0.24
BONKUSDTSWAP,3,20250604,214800,0.000016334,0.000016342,0.000016282,0.000016294,0.08
BONKUSDTSWAP,3,20250604,215100,0.000016292,0.000016292,0.000016263,0.00001628,0.07
BONKUSDTSWAP,3,20250604,215400,0.00001628,0.000016288,0.00001622,0.000016233,0.36
BONKUSDTSWAP,3,20250604,215700,0.000016225,0.000016245,0.000016197,0.000016217,0.22
BONKUSDTSWAP,3,20250604,220000,0.000016217,0.000016239,0.000016207,0.00001622,0.09
BONKUSDTSWAP,3,20250604,220300,0.000016219,0.000016268,0.000016204,0.000016264,0.06
BONKUSDTSWAP,3,20250604,220600,0.000016266,0.000016267,0.000016191,0.000016216,0.11
BONKUSDTSWAP,3,20250604,220900,0.000016218,0.000016227,0.00001617,0.000016195,0.1
BONKUSDTSWAP,3,20250604,221200,0.000016192,0.000016219,0.000016192,0.000016202,0.05
BONKUSDTSWAP,3,20250604,221500,0.000016202,0.000016202,0.000016158,0.000016188,0.17
BONKUSDTSWAP,3,20250604,221800,0.00001619,0.000016239,0.00001619,0.000016218,0.08
BONKUSDTSWAP,3,20250604,222100,0.000016221,0.000016248,0.000016209,0.000016232,0.07
BONKUSDTSWAP,3,20250604,222400,0.00001623,0.00001623,0.000016214,0.000016214,0.01