<TICKER>,<PER>,<DATE>,<TIME>,<OPEN>,<HIGH>,<LOW>,<CLOSE>,<VOL>
BRETTUSDTSWAP,1440,20250225,030000,0.04029,0.04098,0.0364,0.03968,55588.68
BRETTUSDTSWAP,1440,20250226,030000,0.0397,0.0404,0.0356,0.03797,40512.58
BRETTUSDTSWAP,1440,20250227,030000,0.03798,0.03952,0.03602,0.03727,30635.69
BRETTUSDTSWAP,1440,20250228,030000,0.03729,0.03879,0.03367,0.03817,47022.91
BRETTUSDTSWAP,1440,20250301,030000,0.03817,0.0393,0.03609,0.03763,26054.12
BRETTUSDTSWAP,1440,20250302,030000,0.03767,0.04613,0.03614,0.04583,35413.27
BRETTUSDTSWAP,1440,20250303,030000,0.04584,0.04606,0.0382,0.03916,45917.74
BRETTUSDTSWAP,1440,20250304,030000,0.03915,0.03971,0.03397,0.03856,59302.66
BRETTUSDTSWAP,1440,20250305,030000,0.03855,0.04323,0.03808,0.04215,31744.96
BRETTUSDTSWAP,1440,20250306,030000,0.04215,0.04541,0.04063,0.04185,33742.93
BRETTUSDTSWAP,1440,20250307,030000,0.04189,0.04274,0.0374,0.03797,43893.93
BRETTUSDTSWAP,1440,20250308,030000,0.03797,0.03836,0.03495,0.0355,33315.3
BRETTUSDTSWAP,1440,20250309,030000,0.03551,0.03603,0.03031,0.03084,33114.39
BRETTUSDTSWAP,1440,20250310,030000,0.03086,0.03312,0.02618,0.02766,35022.77
BRETTUSDTSWAP,1440,20250311,030000,0.02767,0.0301,0.02547,0.02901,29230.95
BRETTUSDTSWAP,1440,20250312,030000,0.02902,0.03132,0.02813,0.03118,27247.43
BRETTUSDTSWAP,1440,20250313,030000,0.03118,0.03246,0.02961,0.0309,19575.3
BRETTUSDTSWAP,1440,20250314,030000,0.03088,0.03361,0.03072,0.03193,17026.68
BRETTUSDTSWAP,1440,20250315,030000,0.03194,0.03443,0.03178,0.03392,13091.38
BRETTUSDTSWAP,1440,20250316,030000,0.03394,0.03471,0.03129,0.03182,19745.88
BRETTUSDTSWAP,1440,20250317,030000,0.0318,0.03466,0.03179,0.03364,16330.67
BRETTUSDTSWAP,1440,20250318,030000,0.03365,0.03389,0.03158,0.03339,10611.06
BRETTUSDTSWAP,1440,20250319,030000,0.03337,0.03424,0.03118,0.03402,22937.14
BRETTUSDTSWAP,1440,20250320,030000,0.03401,0.03444,0.03212,0.03247,8735.64
BRETTUSDTSWAP,1440,20250321,030000,0.03248,0.03344,0.03117,0.03197,13047.09
BRETTUSDTSWAP,1440,20250322,030000,0.032,0.03466,0.03174,0.03347,13027.23
BRETTUSDTSWAP,1440,20250323,030000,0.03346,0.03422,0.03189,0.03291,7543.19
BRETTUSDTSWAP,1440,20250324,030000,0.03289,0.03822,0.0323,0.03622,16651.71
BRETTUSDTSWAP,1440,20250325,030000,0.03619,0.03828,0.03549,0.03774,15760.89
BRETTUSDTSWAP,1440,20250326,030000,0.03773,0.04187,0.0372,0.03746,18764.37
BRETTUSDTSWAP,1440,20250327,030000,0.03746,0.03966,0.03552,0.0365,13401.91
BRETTUSDTSWAP,1440,20250328,030000,0.03653,0.03707,0.03307,0.03388,11421.94
BRETTUSDTSWAP,1440,20250329,030000,0.0339,0.03428,0.02989,0.03055,14442.08
BRETTUSDTSWAP,1440,20250330,030000,0.03056,0.03133,0.02961,0.03025,8190.63
BRETTUSDTSWAP,1440,20250331,030000,0.03025,0.03106,0.0293,0.03001,8804.72
BRETTUSDTSWAP,1440,20250401,030000,0.03001,0.03416,0.02987,0.03255,12394.91
BRETTUSDTSWAP,1440,20250402,030000,0.03253,0.03321,0.02881,0.02929,16778.52
BRETTUSDTSWAP,1440,20250403,030000,0.0293,0.03137,0.02865,0.03052,17140.21
BRETTUSDTSWAP,1440,20250404,030000,0.03053,0.03172,0.02945,0.0306,10269.16
BRETTUSDTSWAP,1440,20250405,030000,0.03061,0.03088,0.02951,0.02993,3390.7
BRETTUSDTSWAP,1440,20250406,030000,0.02994,0.03023,0.02407,0.02499,8747.57
BRETTUSDTSWAP,1440,20250407,030000,0.02497,0.02841,0.02338,0.02618,14002.35
BRETTUSDTSWAP,1440,20250408,030000,0.02617,0.0271,0.02438,0.02467,5786.82
BRETTUSDTSWAP,1440,20250409,030000,0.02468,0.02928,0.02378,0.02893,10709.24
BRETTUSDTSWAP,1440,20250410,030000,0.02894,0.02898,0.02508,0.02598,10859.76
BRETTUSDTSWAP,1440,20250411,030000,0.02599,0.02784,0.02491,0.02708,12506.73
BRETTUSDTSWAP,1440,20250412,030000,0.02708,0.03141,0.02639,0.03073,22070.31
BRETTUSDTSWAP,1440,20250413,030000,0.03073,0.03354,0.02834,0.03141,29289.9
BRETTUSDTSWAP,1440,20250414,030000,0.03141,0.03628,0.03116,0.03552,58881.19
BRETTUSDTSWAP,1440,20250415,030000,0.03554,0.03893,0.03203,0.03313,62827.43
BRETTUSDTSWAP,1440,20250416,030000,0.03313,0.03506,0.0313,0.03194,36438.89
BRETTUSDTSWAP,1440,20250417,030000,0.03195,0.03518,0.03159,0.03504,28173.7
BRETTUSDTSWAP,1440,20250418,030000,0.03503,0.03517,0.03324,0.03444,16946.95
BRETTUSDTSWAP,1440,20250419,030000,0.03446,0.03692,0.03377,0.03673,22406.31
BRETTUSDTSWAP,1440,20250420,030000,0.0367,0.0381,0.03266,0.0341,26882.46
BRETTUSDTSWAP,1440,20250421,030000,0.03412,0.0368,0.03412,0.03536,20920.27
BRETTUSDTSWAP,1440,20250422,030000,0.03537,0.04767,0.03362,0.04472,48330.42
BRETTUSDTSWAP,1440,20250423,030000,0.04472,0.05653,0.04336,0.05552,77796.61
BRETTUSDTSWAP,1440,20250424,030000,0.05554,0.05824,0.04901,0.05422,54261.64
BRETTUSDTSWAP,1440,20250425,030000,0.05426,0.05964,0.05219,0.05706,41924.69
BRETTUSDTSWAP,1440,20250426,030000,0.05708,0.07134,0.05683,0.06863,66493.12
BRETTUSDTSWAP,1440,20250427,030000,0.06865,0.06917,0.06363,0.06421,23633.52
BRETTUSDTSWAP,1440,20250428,030000,0.06424,0.06883,0.05963,0.06525,39885.14
BRETTUSDTSWAP,1440,20250429,030000,0.06521,0.06673,0.05803,0.06043,29512.42
BRETTUSDTSWAP,1440,20250430,030000,0.06037,0.06369,0.05592,0.06215,31649.7
BRETTUSDTSWAP,1440,20250501,030000,0.06216,0.0697,0.06206,0.06428,34891.4
BRETTUSDTSWAP,1440,20250502,030000,0.06424,0.0684,0.06318,0.06602,24997.45
BRETTUSDTSWAP,1440,20250503,030000,0.06604,0.06605,0.05566,0.05699,25187.33
BRETTUSDTSWAP,1440,20250504,030000,0.05702,0.05789,0.05207,0.05366,25430.52
BRETTUSDTSWAP,1440,20250505,030000,0.05366,0.05692,0.0497,0.05222,33289.38
BRETTUSDTSWAP,1440,20250506,030000,0.05221,0.05353,0.04558,0.05131,42908.63
BRETTUSDTSWAP,1440,20250507,030000,0.05132,0.05528,0.05079,0.05418,42026.46
BRETTUSDTSWAP,1440,20250508,030000,0.05425,0.07875,0.05276,0.07399,93447.52
BRETTUSDTSWAP,1440,20250509,030000,0.07398,0.0858,0.07291,0.078,72269.36
BRETTUSDTSWAP,1440,20250510,030000,0.07798,0.09209,0.07505,0.09105,56786.44
BRETTUSDTSWAP,1440,20250511,030000,0.09097,0.09108,0.08048,0.08333,49873.94
BRETTUSDTSWAP,1440,20250512,030000,0.08334,0.0878,0.07177,0.0786,94477.47
BRETTUSDTSWAP,1440,20250513,030000,0.07858,0.08573,0.07233,0.08029,55530.76
BRETTUSDTSWAP,1440,20250514,030000,0.08032,0.08342,0.073,0.0748,60260.88
BRETTUSDTSWAP,1440,20250515,030000,0.07483,0.07616,0.06629,0.07013,51620.95
BRETTUSDTSWAP,1440,20250516,030000,0.07014,0.07356,0.06655,0.06752,31272.62
BRETTUSDTSWAP,1440,20250517,030000,0.0675,0.06775,0.06356,0.06577,34068.4
BRETTUSDTSWAP,1440,20250518,030000,0.06577,0.08077,0.06525,0.07567,52928.8
BRETTUSDTSWAP,1440,20250519,030000,0.07572,0.07704,0.0646,0.06825,69282.59
BRETTUSDTSWAP,1440,20250520,030000,0.06827,0.07182,0.06408,0.06726,33032.58
BRETTUSDTSWAP,1440,20250521,030000,0.06724,0.0766,0.06584,0.0714,48891.28
BRETTUSDTSWAP,1440,20250522,030000,0.07147,0.0804,0.07076,0.08018,44607.64
BRETTUSDTSWAP,1440,20250523,030000,0.08022,0.08509,0.06382,0.06494,112660.41
BRETTUSDTSWAP,1440,20250524,030000,0.06491,0.07034,0.06422,0.06515,33128.38
BRETTUSDTSWAP,1440,20250525,030000,0.06512,0.06907,0.05979,0.06801,56657.14
BRETTUSDTSWAP,1440,20250526,030000,0.06804,0.07078,0.0642,0.06545,38954.19
BRETTUSDTSWAP,1440,20250527,030000,0.06546,0.07074,0.06031,0.06849,48474.5
BRETTUSDTSWAP,1440,20250528,030000,0.06843,0.06895,0.06361,0.06756,32599.92
BRETTUSDTSWAP,1440,20250529,030000,0.06757,0.07084,0.06255,0.06349,35855.48
BRETTUSDTSWAP,1440,20250530,030000,0.0635,0.06371,0.05137,0.05209,86124.42
BRETTUSDTSWAP,1440,20250531,030000,0.0521,0.05454,0.04589,0.05276,68387.55
BRETTUSDTSWAP,1440,20250601,030000,0.05278,0.05588,0.04585,0.05464,60366.07
BRETTUSDTSWAP,1440,20250602,030000,0.05461,0.05538,0.04979,0.05291,56298.05
BRETTUSDTSWAP,1440,20250603,030000,0.05291,0.05747,0.05177,0.05433,42961.44
BRETTUSDTSWAP,1440,20250604,030000,0.05433,0.05604,0.05037,0.05111,32697.53