<TICKER>,<PER>,<DATE>,<TIME>,<OPEN>,<HIGH>,<LOW>,<CLOSE>,<VOL>
BRETTUSDTSWAP,3,20250604,172700,0.05127,0.05128,0.05098,0.05108,46.6
BRETTUSDTSWAP,3,20250604,173000,0.05109,0.05116,0.05098,0.05112,27.28
BRETTUSDTSWAP,3,20250604,173300,0.05115,0.05135,0.05105,0.05113,28.7
BRETTUSDTSWAP,3,20250604,173600,0.05112,0.05117,0.05098,0.05098,31.29
BRETTUSDTSWAP,3,20250604,173900,0.05099,0.05132,0.05097,0.05132,35.79
BRETTUSDTSWAP,3,20250604,174200,0.05128,0.05133,0.05109,0.05132,24.92
BRETTUSDTSWAP,3,20250604,174500,0.05129,0.05146,0.0512,0.05145,65.04
BRETTUSDTSWAP,3,20250604,174800,0.05147,0.05164,0.05141,0.05147,52.91
BRETTUSDTSWAP,3,20250604,175100,0.05144,0.0517,0.05142,0.05164,112.4
BRETTUSDTSWAP,3,20250604,175400,0.05164,0.05192,0.05163,0.05192,91.04
BRETTUSDTSWAP,3,20250604,175700,0.05194,0.0522,0.05185,0.05216,133.85
BRETTUSDTSWAP,3,20250604,180000,0.05217,0.05222,0.05188,0.05188,81.23
BRETTUSDTSWAP,3,20250604,180300,0.05193,0.05196,0.05173,0.05179,60.6
BRETTUSDTSWAP,3,20250604,180600,0.0518,0.05224,0.0518,0.05198,172.55
BRETTUSDTSWAP,3,20250604,180900,0.052,0.05225,0.052,0.05222,29.8
BRETTUSDTSWAP,3,20250604,181200,0.05222,0.05235,0.05214,0.0523,74.15
BRETTUSDTSWAP,3,20250604,181500,0.05226,0.05267,0.05225,0.05261,97.99
BRETTUSDTSWAP,3,20250604,181800,0.05256,0.05275,0.0525,0.05257,139.34
BRETTUSDTSWAP,3,20250604,182100,0.05255,0.05306,0.05242,0.05289,304.11
BRETTUSDTSWAP,3,20250604,182400,0.05288,0.05288,0.05268,0.05273,132.73
BRETTUSDTSWAP,3,20250604,182700,0.0527,0.05297,0.05244,0.05287,556.83
BRETTUSDTSWAP,3,20250604,183000,0.05285,0.05296,0.05259,0.05291,176.47
BRETTUSDTSWAP,3,20250604,183300,0.05287,0.05309,0.05283,0.05293,57.1
BRETTUSDTSWAP,3,20250604,183600,0.05293,0.0533,0.05288,0.05326,128.99
BRETTUSDTSWAP,3,20250604,183900,0.05325,0.05352,0.05321,0.05351,176.9
BRETTUSDTSWAP,3,20250604,184200,0.05352,0.05356,0.05325,0.05331,61.01
BRETTUSDTSWAP,3,20250604,184500,0.05338,0.05351,0.0532,0.0532,38.43
BRETTUSDTSWAP,3,20250604,184800,0.05324,0.05325,0.05308,0.05314,18.42
BRETTUSDTSWAP,3,20250604,185100,0.05312,0.0533,0.05309,0.05318,21.51
BRETTUSDTSWAP,3,20250604,185400,0.05317,0.0535,0.05315,0.05339,46.2
BRETTUSDTSWAP,3,20250604,185700,0.05341,0.05343,0.05318,0.05326,38.67
BRETTUSDTSWAP,3,20250604,190000,0.05328,0.05329,0.05303,0.05311,47.05
BRETTUSDTSWAP,3,20250604,190300,0.05308,0.05315,0.05287,0.0529,49.15
BRETTUSDTSWAP,3,20250604,190600,0.05291,0.05295,0.05274,0.05277,38.57
BRETTUSDTSWAP,3,20250604,190900,0.05279,0.05286,0.05277,0.05284,52.79
BRETTUSDTSWAP,3,20250604,191200,0.05284,0.0529,0.05274,0.05286,72.18
BRETTUSDTSWAP,3,20250604,191500,0.05286,0.05287,0.05247,0.05247,62.74
BRETTUSDTSWAP,3,20250604,191800,0.05248,0.05265,0.05228,0.05263,186.09
BRETTUSDTSWAP,3,20250604,192100,0.05264,0.05285,0.0525,0.05251,134.34
BRETTUSDTSWAP,3,20250604,192400,0.05252,0.0526,0.05237,0.0524,56.09
BRETTUSDTSWAP,3,20250604,192700,0.05238,0.05243,0.0523,0.05232,23.78
BRETTUSDTSWAP,3,20250604,193000,0.05233,0.05253,0.05225,0.05253,44.69
BRETTUSDTSWAP,3,20250604,193300,0.05252,0.0527,0.05246,0.0527,36.61
BRETTUSDTSWAP,3,20250604,193600,0.0527,0.05274,0.05257,0.0527,61.03
BRETTUSDTSWAP,3,20250604,193900,0.05272,0.05292,0.05261,0.05261,61.58
BRETTUSDTSWAP,3,20250604,194200,0.05264,0.05265,0.05248,0.05254,27.53
BRETTUSDTSWAP,3,20250604,194500,0.05256,0.05264,0.0524,0.0526,17.13
BRETTUSDTSWAP,3,20250604,194800,0.05259,0.05275,0.0525,0.05275,12.83
BRETTUSDTSWAP,3,20250604,195100,0.05268,0.05273,0.0526,0.05272,12.27
BRETTUSDTSWAP,3,20250604,195400,0.05269,0.0529,0.05266,0.05273,109.44
BRETTUSDTSWAP,3,20250604,195700,0.05277,0.05277,0.05261,0.05275,9.08
BRETTUSDTSWAP,3,20250604,200000,0.05275,0.05275,0.05237,0.05242,25.53
BRETTUSDTSWAP,3,20250604,200300,0.05238,0.05248,0.05228,0.05236,46.09
BRETTUSDTSWAP,3,20250604,200600,0.05238,0.05239,0.05212,0.05223,22.68
BRETTUSDTSWAP,3,20250604,200900,0.05224,0.05224,0.05199,0.05201,84.99
BRETTUSDTSWAP,3,20250604,201200,0.05202,0.05219,0.052,0.05212,44.37
BRETTUSDTSWAP,3,20250604,201500,0.05212,0.05215,0.05187,0.05195,47.27
BRETTUSDTSWAP,3,20250604,201800,0.05197,0.05205,0.0519,0.05199,30.77
BRETTUSDTSWAP,3,20250604,202100,0.05202,0.05209,0.05192,0.052,32.3
BRETTUSDTSWAP,3,20250604,202400,0.05201,0.05208,0.05176,0.05183,16.54
BRETTUSDTSWAP,3,20250604,202700,0.05186,0.05192,0.05151,0.05159,95.89
BRETTUSDTSWAP,3,20250604,203000,0.05159,0.05161,0.05125,0.05133,300.51
BRETTUSDTSWAP,3,20250604,203300,0.05135,0.05145,0.05117,0.05141,56.33
BRETTUSDTSWAP,3,20250604,203600,0.05138,0.05138,0.05116,0.05129,55.34
BRETTUSDTSWAP,3,20250604,203900,0.05129,0.05137,0.05119,0.05131,28.52
BRETTUSDTSWAP,3,20250604,204200,0.05132,0.05132,0.05116,0.05119,19.71
BRETTUSDTSWAP,3,20250604,204500,0.05123,0.05131,0.0511,0.05113,30.79
BRETTUSDTSWAP,3,20250604,204800,0.05114,0.05131,0.05106,0.05108,43.21
BRETTUSDTSWAP,3,20250604,205100,0.05106,0.05123,0.05104,0.05121,38.3
BRETTUSDTSWAP,3,20250604,205400,0.05123,0.05132,0.05123,0.05128,34.07
BRETTUSDTSWAP,3,20250604,205700,0.05127,0.05139,0.05127,0.05139,8.61
BRETTUSDTSWAP,3,20250604,210000,0.05138,0.0517,0.05138,0.05164,67.21
BRETTUSDTSWAP,3,20250604,210300,0.05162,0.05181,0.05159,0.05172,33.09
BRETTUSDTSWAP,3,20250604,210600,0.05172,0.05172,0.05124,0.05129,61.29
BRETTUSDTSWAP,3,20250604,210900,0.05129,0.05161,0.05124,0.05159,48.01
BRETTUSDTSWAP,3,20250604,211200,0.05159,0.05168,0.05153,0.05163,51.44
BRETTUSDTSWAP,3,20250604,211500,0.05164,0.05165,0.05154,0.05162,5.99
BRETTUSDTSWAP,3,20250604,211800,0.05157,0.05171,0.05146,0.05165,20.01
BRETTUSDTSWAP,3,20250604,212100,0.05164,0.05172,0.0516,0.05167,24.68
BRETTUSDTSWAP,3,20250604,212400,0.05169,0.05177,0.05169,0.05173,10.34
BRETTUSDTSWAP,3,20250604,212700,0.05175,0.05181,0.05174,0.05175,5.12
BRETTUSDTSWAP,3,20250604,213000,0.05175,0.05184,0.05157,0.0517,61.43
BRETTUSDTSWAP,3,20250604,213300,0.05166,0.05166,0.05156,0.0516,4.86
BRETTUSDTSWAP,3,20250604,213600,0.05162,0.05163,0.0515,0.05158,13.78
BRETTUSDTSWAP,3,20250604,213900,0.05157,0.05158,0.05148,0.05157,23.98
BRETTUSDTSWAP,3,20250604,214200,0.05159,0.05175,0.05157,0.05171,11.45
BRETTUSDTSWAP,3,20250604,214500,0.0517,0.05171,0.05152,0.05159,13.49
BRETTUSDTSWAP,3,20250604,214800,0.05156,0.05162,0.05129,0.0513,63.83
BRETTUSDTSWAP,3,20250604,215100,0.0513,0.0514,0.05123,0.05133,100.24
BRETTUSDTSWAP,3,20250604,215400,0.05136,0.0514,0.05103,0.05106,234.46
BRETTUSDTSWAP,3,20250604,215700,0.05107,0.05114,0.05099,0.05108,59.24
BRETTUSDTSWAP,3,20250604,220000,0.05107,0.05113,0.05098,0.05105,47.55
BRETTUSDTSWAP,3,20250604,220300,0.05104,0.05137,0.05104,0.05135,39.2
BRETTUSDTSWAP,3,20250604,220600,0.05137,0.05139,0.05103,0.05104,50.86
BRETTUSDTSWAP,3,20250604,220900,0.05107,0.0511,0.05087,0.05097,67.67
BRETTUSDTSWAP,3,20250604,221200,0.05098,0.05106,0.05088,0.05092,70.25
BRETTUSDTSWAP,3,20250604,221500,0.05091,0.05097,0.0508,0.05088,40.88
BRETTUSDTSWAP,3,20250604,221800,0.0509,0.05115,0.0509,0.05109,25.45
BRETTUSDTSWAP,3,20250604,222100,0.05112,0.05123,0.05108,0.05118,68.6
BRETTUSDTSWAP,3,20250604,222400,0.05118,0.05118,0.05107,0.05107,12.23