<TICKER>,<PER>,<DATE>,<TIME>,<OPEN>,<HIGH>,<LOW>,<CLOSE>,<VOL>
CETUSUSDTSWAP,1440,20250225,030000,0.11257,0.12236,0.10607,0.11981,1003222.83
CETUSUSDTSWAP,1440,20250226,030000,0.11983,0.12482,0.11313,0.12077,600124.1
CETUSUSDTSWAP,1440,20250227,030000,0.1208,0.12354,0.11469,0.11748,329736.16
CETUSUSDTSWAP,1440,20250228,030000,0.11751,0.12266,0.10644,0.12003,594460.41
CETUSUSDTSWAP,1440,20250301,030000,0.12004,0.12137,0.11393,0.11605,260298.82
CETUSUSDTSWAP,1440,20250302,030000,0.11606,0.1342,0.11354,0.13111,562671.07
CETUSUSDTSWAP,1440,20250303,030000,0.13119,0.13154,0.10275,0.10479,639658.56
CETUSUSDTSWAP,1440,20250304,030000,0.10478,0.10606,0.08992,0.1001,856809.53
CETUSUSDTSWAP,1440,20250305,030000,0.10006,0.10672,0.09702,0.10463,422050.88
CETUSUSDTSWAP,1440,20250306,030000,0.10463,0.11767,0.10288,0.11341,1540053.16
CETUSUSDTSWAP,1440,20250307,030000,0.11342,0.11691,0.10563,0.1068,1323301.31
CETUSUSDTSWAP,1440,20250308,030000,0.10676,0.10804,0.09935,0.10139,493841.01
CETUSUSDTSWAP,1440,20250309,030000,0.1014,0.10214,0.08886,0.0907,546856.69
CETUSUSDTSWAP,1440,20250310,030000,0.09072,0.09851,0.08243,0.08496,596675.06
CETUSUSDTSWAP,1440,20250311,030000,0.08498,0.0925,0.07926,0.08932,502631.55
CETUSUSDTSWAP,1440,20250312,030000,0.08933,0.09396,0.08612,0.09351,448953.37
CETUSUSDTSWAP,1440,20250313,030000,0.09348,0.09693,0.08798,0.09041,477800.68
CETUSUSDTSWAP,1440,20250314,030000,0.09041,0.09894,0.09009,0.09558,289469.4
CETUSUSDTSWAP,1440,20250315,030000,0.09559,0.10088,0.09512,0.09984,261344.59
CETUSUSDTSWAP,1440,20250316,030000,0.09986,0.1006,0.09261,0.09415,265456.54
CETUSUSDTSWAP,1440,20250317,030000,0.0942,0.10451,0.09411,0.10348,465351.2
CETUSUSDTSWAP,1440,20250318,030000,0.10348,0.10482,0.09697,0.10472,360280.83
CETUSUSDTSWAP,1440,20250319,030000,0.1047,0.11997,0.10394,0.11688,1141977.87
CETUSUSDTSWAP,1440,20250320,030000,0.11683,0.11954,0.11065,0.11112,529066.99
CETUSUSDTSWAP,1440,20250321,030000,0.11111,0.11338,0.1062,0.10736,273397.71
CETUSUSDTSWAP,1440,20250322,030000,0.10734,0.11483,0.10677,0.11086,236529.16
CETUSUSDTSWAP,1440,20250323,030000,0.11084,0.1147,0.10991,0.1147,200394.51
CETUSUSDTSWAP,1440,20250324,030000,0.11472,0.11994,0.11055,0.11692,350046.74
CETUSUSDTSWAP,1440,20250325,030000,0.11699,0.11858,0.1127,0.11658,276169.4
CETUSUSDTSWAP,1440,20250326,030000,0.11663,0.1338,0.11486,0.12427,763555.27
CETUSUSDTSWAP,1440,20250327,030000,0.12428,0.135,0.12398,0.13027,1789161.35
CETUSUSDTSWAP,1440,20250328,030000,0.13023,0.13152,0.11393,0.11585,821901.98
CETUSUSDTSWAP,1440,20250329,030000,0.11586,0.11777,0.10037,0.10308,595401.3
CETUSUSDTSWAP,1440,20250330,030000,0.10309,0.1095,0.10073,0.10213,406412.94
CETUSUSDTSWAP,1440,20250331,030000,0.10216,0.10319,0.09687,0.09961,391925.7
CETUSUSDTSWAP,1440,20250401,030000,0.09958,0.10878,0.09903,0.10266,333996.1
CETUSUSDTSWAP,1440,20250402,030000,0.10265,0.10869,0.09576,0.09767,474735.31
CETUSUSDTSWAP,1440,20250403,030000,0.09768,0.10274,0.09162,0.09695,294991.45
CETUSUSDTSWAP,1440,20250404,030000,0.09695,0.10366,0.09298,0.10191,380840.93
CETUSUSDTSWAP,1440,20250405,030000,0.10192,0.1029,0.09719,0.09978,235114.97
CETUSUSDTSWAP,1440,20250406,030000,0.09975,0.10019,0.08265,0.08483,414870.72
CETUSUSDTSWAP,1440,20250407,030000,0.08484,0.09431,0.07634,0.09042,750834.68
CETUSUSDTSWAP,1440,20250408,030000,0.09048,0.09377,0.08567,0.08634,277104.95
CETUSUSDTSWAP,1440,20250409,030000,0.0864,0.09977,0.08304,0.09546,461206.05
CETUSUSDTSWAP,1440,20250410,030000,0.09548,0.09581,0.08754,0.09004,311760.53
CETUSUSDTSWAP,1440,20250411,030000,0.09003,0.09637,0.08982,0.09391,268341.44
CETUSUSDTSWAP,1440,20250412,030000,0.09392,0.10564,0.09178,0.1036,308024.82
CETUSUSDTSWAP,1440,20250413,030000,0.10362,0.10586,0.09577,0.09745,493209.75
CETUSUSDTSWAP,1440,20250414,030000,0.09746,0.10273,0.09592,0.09717,339532.51
CETUSUSDTSWAP,1440,20250415,030000,0.09712,0.10171,0.09441,0.09485,435987.9
CETUSUSDTSWAP,1440,20250416,030000,0.0948,0.09781,0.09144,0.09393,248454.02
CETUSUSDTSWAP,1440,20250417,030000,0.09389,0.09879,0.09289,0.09703,175345.49
CETUSUSDTSWAP,1440,20250418,030000,0.09705,0.0993,0.09631,0.0981,130860.96
CETUSUSDTSWAP,1440,20250419,030000,0.09811,0.10363,0.09787,0.10312,98633.91
CETUSUSDTSWAP,1440,20250420,030000,0.1031,0.10637,0.10117,0.10327,139625.03
CETUSUSDTSWAP,1440,20250421,030000,0.10329,0.11091,0.10248,0.10339,216052.42
CETUSUSDTSWAP,1440,20250422,030000,0.1034,0.12426,0.10126,0.12159,436883.72
CETUSUSDTSWAP,1440,20250423,030000,0.12167,0.14663,0.12167,0.13842,1608840.58
CETUSUSDTSWAP,1440,20250424,030000,0.13839,0.19137,0.13507,0.19008,4786111.17
CETUSUSDTSWAP,1440,20250425,030000,0.19009,0.22542,0.18231,0.1865,8290486.6
CETUSUSDTSWAP,1440,20250426,030000,0.18644,0.20599,0.18644,0.19804,1995851.76
CETUSUSDTSWAP,1440,20250427,030000,0.19805,0.20398,0.18884,0.19764,2224539.39
CETUSUSDTSWAP,1440,20250428,030000,0.19765,0.23753,0.18924,0.21666,4844066.09
CETUSUSDTSWAP,1440,20250429,030000,0.21665,0.22115,0.20029,0.20735,1872515.92
CETUSUSDTSWAP,1440,20250430,030000,0.2073,0.21811,0.1913,0.20346,1819724.8
CETUSUSDTSWAP,1440,20250501,030000,0.20349,0.22238,0.19619,0.20347,1155123.19
CETUSUSDTSWAP,1440,20250502,030000,0.2035,0.20725,0.19508,0.20613,923909.94
CETUSUSDTSWAP,1440,20250503,030000,0.20615,0.21348,0.18348,0.18641,1053253.33
CETUSUSDTSWAP,1440,20250504,030000,0.18642,0.18749,0.17513,0.18157,890797.72
CETUSUSDTSWAP,1440,20250505,030000,0.18166,0.20023,0.17579,0.19202,1497626.84
CETUSUSDTSWAP,1440,20250506,030000,0.192,0.19351,0.1796,0.19009,890682.24
CETUSUSDTSWAP,1440,20250507,030000,0.19009,0.19645,0.18219,0.18873,671786.23
CETUSUSDTSWAP,1440,20250508,030000,0.18872,0.23504,0.18733,0.22945,1454702.26
CETUSUSDTSWAP,1440,20250509,030000,0.22941,0.23133,0.2116,0.22248,1400953.19
CETUSUSDTSWAP,1440,20250510,030000,0.22259,0.22872,0.21064,0.22487,1053851.02
CETUSUSDTSWAP,1440,20250511,030000,0.22477,0.23169,0.20183,0.21481,1276602.57
CETUSUSDTSWAP,1440,20250512,030000,0.21472,0.23975,0.20523,0.2165,1607331.65
CETUSUSDTSWAP,1440,20250513,030000,0.21653,0.2312,0.20344,0.22792,783449.93
CETUSUSDTSWAP,1440,20250514,030000,0.22798,0.22945,0.20986,0.21426,785303.33
CETUSUSDTSWAP,1440,20250515,030000,0.21428,0.21747,0.19256,0.20433,923934.22
CETUSUSDTSWAP,1440,20250516,030000,0.2043,0.21838,0.20124,0.20323,792570.41
CETUSUSDTSWAP,1440,20250517,030000,0.20321,0.20694,0.18983,0.19613,588629.06
CETUSUSDTSWAP,1440,20250518,030000,0.19612,0.21435,0.19107,0.20932,666559.52
CETUSUSDTSWAP,1440,20250519,030000,0.2093,0.2121,0.18949,0.2028,605863.85
CETUSUSDTSWAP,1440,20250520,030000,0.20288,0.20906,0.19477,0.20094,527448.24
CETUSUSDTSWAP,1440,20250521,030000,0.20096,0.22426,0.19661,0.21631,683003.56
CETUSUSDTSWAP,1440,20250522,030000,0.21638,0.25683,0.14539,0.16727,23409215.92
CETUSUSDTSWAP,1440,20250523,030000,0.16726,0.17693,0.15482,0.15838,4980150.61
CETUSUSDTSWAP,1440,20250524,030000,0.15842,0.16582,0.15689,0.15873,1271461.81
CETUSUSDTSWAP,1440,20250525,030000,0.15873,0.16251,0.13001,0.13647,4492220.75
CETUSUSDTSWAP,1440,20250526,030000,0.13648,0.14183,0.12006,0.12686,3775927.06
CETUSUSDTSWAP,1440,20250527,030000,0.1269,0.16825,0.12461,0.165,5972447.11
CETUSUSDTSWAP,1440,20250528,030000,0.16501,0.17248,0.15316,0.15713,10433290.73
CETUSUSDTSWAP,1440,20250529,030000,0.15715,0.16938,0.15487,0.15582,3524602.47
CETUSUSDTSWAP,1440,20250530,030000,0.15581,0.15686,0.13139,0.13433,2686036.95
CETUSUSDTSWAP,1440,20250531,030000,0.13434,0.14269,0.12588,0.1402,1296005.39
CETUSUSDTSWAP,1440,20250601,030000,0.14018,0.1416,0.1302,0.13724,859287.84
CETUSUSDTSWAP,1440,20250602,030000,0.13722,0.13783,0.13049,0.13516,832394.91
CETUSUSDTSWAP,1440,20250603,030000,0.13516,0.13788,0.13133,0.1347,749018.2
CETUSUSDTSWAP,1440,20250604,030000,0.13471,0.14194,0.127,0.13057,1637745.58