<TICKER>,<PER>,<DATE>,<TIME>,<OPEN>,<HIGH>,<LOW>,<CLOSE>,<VOL>
CFXUSDTSWAP,1440,20250225,030000,0.111,0.1157,0.104,0.1136,2227537.68
CFXUSDTSWAP,1440,20250226,030000,0.1136,0.1178,0.1105,0.116,1167420.28
CFXUSDTSWAP,1440,20250227,030000,0.116,0.1203,0.1126,0.1156,871019.18
CFXUSDTSWAP,1440,20250228,030000,0.1155,0.1157,0.1042,0.1123,2253612.44
CFXUSDTSWAP,1440,20250301,030000,0.1124,0.1133,0.1075,0.1116,803661.8
CFXUSDTSWAP,1440,20250302,030000,0.1115,0.1229,0.1102,0.1226,1506639.07
CFXUSDTSWAP,1440,20250303,030000,0.1226,0.1233,0.1013,0.1027,2626962.58
CFXUSDTSWAP,1440,20250304,030000,0.1027,0.1036,0.0899,0.0985,2547004.16
CFXUSDTSWAP,1440,20250305,030000,0.0985,0.1041,0.0972,0.1027,1101663.7
CFXUSDTSWAP,1440,20250306,030000,0.1027,0.1048,0.0984,0.0999,1013700.86
CFXUSDTSWAP,1440,20250307,030000,0.0999,0.1044,0.0943,0.0995,1936472.99
CFXUSDTSWAP,1440,20250308,030000,0.0995,0.1009,0.0963,0.098,875810.04
CFXUSDTSWAP,1440,20250309,030000,0.098,0.0985,0.0787,0.0809,2833215.97
CFXUSDTSWAP,1440,20250310,030000,0.081,0.0862,0.0701,0.0728,2963657.81
CFXUSDTSWAP,1440,20250311,030000,0.0729,0.0794,0.067,0.0773,2250555.17
CFXUSDTSWAP,1440,20250312,030000,0.0774,0.0821,0.0748,0.0806,1759098.13
CFXUSDTSWAP,1440,20250313,030000,0.0805,0.0818,0.0773,0.0801,2833769.85
CFXUSDTSWAP,1440,20250314,030000,0.0802,0.0856,0.0796,0.0833,1203317.67
CFXUSDTSWAP,1440,20250315,030000,0.0832,0.087,0.0825,0.0868,690859.6
CFXUSDTSWAP,1440,20250316,030000,0.0868,0.0874,0.0812,0.0832,1506702.09
CFXUSDTSWAP,1440,20250317,030000,0.0831,0.08896,0.0829,0.08783,1455267.81
CFXUSDTSWAP,1440,20250318,030000,0.08785,0.09028,0.08537,0.09011,1693000.84
CFXUSDTSWAP,1440,20250319,030000,0.0901,0.0923,0.08794,0.09116,2769130.07
CFXUSDTSWAP,1440,20250320,030000,0.09117,0.0918,0.08662,0.08872,1215169.92
CFXUSDTSWAP,1440,20250321,030000,0.08871,0.0903,0.08524,0.08659,1914146.41
CFXUSDTSWAP,1440,20250322,030000,0.08659,0.09299,0.08618,0.09101,1038480.54
CFXUSDTSWAP,1440,20250323,030000,0.091,0.09264,0.08775,0.08928,1221906.59
CFXUSDTSWAP,1440,20250324,030000,0.0893,0.09345,0.08796,0.09262,1054318.57
CFXUSDTSWAP,1440,20250325,030000,0.09261,0.09484,0.09065,0.09472,1197197.35
CFXUSDTSWAP,1440,20250326,030000,0.09471,0.09726,0.09183,0.09326,1199662.78
CFXUSDTSWAP,1440,20250327,030000,0.09327,0.09551,0.09085,0.0917,1036988.36
CFXUSDTSWAP,1440,20250328,030000,0.09169,0.09231,0.08432,0.08571,1558001.43
CFXUSDTSWAP,1440,20250329,030000,0.0857,0.08644,0.07748,0.07837,1516788.36
CFXUSDTSWAP,1440,20250330,030000,0.07837,0.08242,0.07756,0.07936,773804.69
CFXUSDTSWAP,1440,20250331,030000,0.07936,0.08149,0.07732,0.0797,1630157.89
CFXUSDTSWAP,1440,20250401,030000,0.0797,0.0831,0.07906,0.08234,1033011.86
CFXUSDTSWAP,1440,20250402,030000,0.08233,0.08854,0.07827,0.08011,3588465.6
CFXUSDTSWAP,1440,20250403,030000,0.08012,0.08317,0.07474,0.081,1555116.62
CFXUSDTSWAP,1440,20250404,030000,0.08101,0.08236,0.07747,0.081,1855516.47
CFXUSDTSWAP,1440,20250405,030000,0.08098,0.08279,0.08001,0.08246,572003.69
CFXUSDTSWAP,1440,20250406,030000,0.08246,0.08298,0.06946,0.07116,1689269.71
CFXUSDTSWAP,1440,20250407,030000,0.07116,0.07435,0.0639,0.06971,3079190.83
CFXUSDTSWAP,1440,20250408,030000,0.06974,0.07221,0.06384,0.06513,1949694.96
CFXUSDTSWAP,1440,20250409,030000,0.06514,0.07575,0.0623,0.07378,1849444.52
CFXUSDTSWAP,1440,20250410,030000,0.07378,0.07409,0.06817,0.07002,1196004.34
CFXUSDTSWAP,1440,20250411,030000,0.07001,0.07232,0.0696,0.07155,942777.27
CFXUSDTSWAP,1440,20250412,030000,0.07155,0.07514,0.07071,0.07457,696614.38
CFXUSDTSWAP,1440,20250413,030000,0.07457,0.0751,0.06819,0.0697,1296810.26
CFXUSDTSWAP,1440,20250414,030000,0.06975,0.07232,0.06829,0.06946,1279999.06
CFXUSDTSWAP,1440,20250415,030000,0.06947,0.07105,0.06683,0.06744,618736.5
CFXUSDTSWAP,1440,20250416,030000,0.06744,0.06824,0.06321,0.06451,1009470.24
CFXUSDTSWAP,1440,20250417,030000,0.06453,0.06527,0.06205,0.06454,909855.71
CFXUSDTSWAP,1440,20250418,030000,0.06455,0.06796,0.06391,0.06779,553202.6
CFXUSDTSWAP,1440,20250419,030000,0.06781,0.07038,0.06775,0.06982,733830.67
CFXUSDTSWAP,1440,20250420,030000,0.06983,0.07246,0.06831,0.07169,643155.53
CFXUSDTSWAP,1440,20250421,030000,0.0717,0.07506,0.07125,0.07263,879090.9
CFXUSDTSWAP,1440,20250422,030000,0.07264,0.07754,0.0702,0.0768,759196.02
CFXUSDTSWAP,1440,20250423,030000,0.07682,0.08056,0.07575,0.07865,891451.24
CFXUSDTSWAP,1440,20250424,030000,0.07864,0.08096,0.07562,0.0801,588510.3
CFXUSDTSWAP,1440,20250425,030000,0.08008,0.08259,0.07793,0.08001,1096485.63
CFXUSDTSWAP,1440,20250426,030000,0.08001,0.08347,0.07824,0.08008,461404.23
CFXUSDTSWAP,1440,20250427,030000,0.08006,0.08071,0.07505,0.07658,635422.85
CFXUSDTSWAP,1440,20250428,030000,0.07659,0.08267,0.07324,0.0816,871543.57
CFXUSDTSWAP,1440,20250429,030000,0.08162,0.08646,0.07799,0.08087,1499299.08
CFXUSDTSWAP,1440,20250430,030000,0.08085,0.08307,0.07683,0.07937,929749.37
CFXUSDTSWAP,1440,20250501,030000,0.07938,0.08179,0.07841,0.08043,408270.63
CFXUSDTSWAP,1440,20250502,030000,0.08043,0.08214,0.07756,0.07895,647195.44
CFXUSDTSWAP,1440,20250503,030000,0.07894,0.07929,0.07316,0.07348,633971.56
CFXUSDTSWAP,1440,20250504,030000,0.07349,0.07399,0.07114,0.07205,617694.4
CFXUSDTSWAP,1440,20250505,030000,0.07207,0.07338,0.07057,0.07178,364591.46
CFXUSDTSWAP,1440,20250506,030000,0.0718,0.07398,0.06882,0.07221,982812.19
CFXUSDTSWAP,1440,20250507,030000,0.07222,0.07288,0.07082,0.07228,591768.66
CFXUSDTSWAP,1440,20250508,030000,0.07227,0.08623,0.07226,0.08581,784435.42
CFXUSDTSWAP,1440,20250509,030000,0.0858,0.0895,0.08479,0.08886,954351.43
CFXUSDTSWAP,1440,20250510,030000,0.08885,0.1047,0.08819,0.1047,1206653.9
CFXUSDTSWAP,1440,20250511,030000,0.1047,0.10497,0.09536,0.09787,1162385.79
CFXUSDTSWAP,1440,20250512,030000,0.0979,0.10755,0.09197,0.09839,1881380.72
CFXUSDTSWAP,1440,20250513,030000,0.09841,0.10377,0.09282,0.10211,976435.14
CFXUSDTSWAP,1440,20250514,030000,0.10215,0.10413,0.09673,0.09778,919374.62
CFXUSDTSWAP,1440,20250515,030000,0.09778,0.09944,0.08842,0.09072,1196945.71
CFXUSDTSWAP,1440,20250516,030000,0.09073,0.09337,0.08726,0.08841,889055.1
CFXUSDTSWAP,1440,20250517,030000,0.08841,0.08879,0.08479,0.08662,695941.06
CFXUSDTSWAP,1440,20250518,030000,0.08661,0.09359,0.0847,0.09129,854660.81
CFXUSDTSWAP,1440,20250519,030000,0.09131,0.09235,0.08443,0.0887,674633.89
CFXUSDTSWAP,1440,20250520,030000,0.08874,0.09122,0.08596,0.09052,509058.16
CFXUSDTSWAP,1440,20250521,030000,0.09053,0.09645,0.08877,0.09426,1066054.21
CFXUSDTSWAP,1440,20250522,030000,0.09425,0.10062,0.09414,0.09913,647190.53
CFXUSDTSWAP,1440,20250523,030000,0.09912,0.10077,0.08901,0.08934,1049146.15
CFXUSDTSWAP,1440,20250524,030000,0.08933,0.09124,0.0862,0.08686,506230.52
CFXUSDTSWAP,1440,20250525,030000,0.08686,0.08765,0.08262,0.08724,543850.09
CFXUSDTSWAP,1440,20250526,030000,0.08725,0.0891,0.08534,0.08631,441445.3
CFXUSDTSWAP,1440,20250527,030000,0.08631,0.09113,0.08429,0.08919,413061.28
CFXUSDTSWAP,1440,20250528,030000,0.08918,0.0909,0.08567,0.08871,426708.73
CFXUSDTSWAP,1440,20250529,030000,0.0887,0.09198,0.08442,0.08479,653246.32
CFXUSDTSWAP,1440,20250530,030000,0.08479,0.08521,0.0736,0.07474,1183762.09
CFXUSDTSWAP,1440,20250531,030000,0.07475,0.07703,0.07197,0.07644,545946.19
CFXUSDTSWAP,1440,20250601,030000,0.07644,0.0776,0.07371,0.07717,530605.28
CFXUSDTSWAP,1440,20250602,030000,0.07717,0.07912,0.07417,0.07884,802103.59
CFXUSDTSWAP,1440,20250603,030000,0.07884,0.08031,0.07792,0.07855,382498.96
CFXUSDTSWAP,1440,20250604,030000,0.07855,0.0798,0.07618,0.07717,377155.47