<TICKER>,<PER>,<DATE>,<TIME>,<OPEN>,<HIGH>,<LOW>,<CLOSE>,<VOL>
COOKIEUSDTSWAP,1440,20250225,030000,0.1794,0.1951,0.1669,0.1864,1687415.59
COOKIEUSDTSWAP,1440,20250226,030000,0.1865,0.2248,0.1789,0.2143,1342749.27
COOKIEUSDTSWAP,1440,20250227,030000,0.2143,0.2499,0.2082,0.2188,2369532.67
COOKIEUSDTSWAP,1440,20250228,030000,0.2188,0.2405,0.2039,0.2327,1314592.63
COOKIEUSDTSWAP,1440,20250301,030000,0.2328,0.2347,0.202,0.209,624711.82
COOKIEUSDTSWAP,1440,20250302,030000,0.209,0.2337,0.2044,0.2289,849407.14
COOKIEUSDTSWAP,1440,20250303,030000,0.2289,0.2314,0.184,0.1867,785852.61
COOKIEUSDTSWAP,1440,20250304,030000,0.1866,0.1901,0.1615,0.1771,754204.17
COOKIEUSDTSWAP,1440,20250305,030000,0.1772,0.182,0.1686,0.1783,723718.47
COOKIEUSDTSWAP,1440,20250306,030000,0.1783,0.195,0.1739,0.1859,650647.55
COOKIEUSDTSWAP,1440,20250307,030000,0.1859,0.1946,0.1764,0.1785,758326.81
COOKIEUSDTSWAP,1440,20250308,030000,0.1786,0.1824,0.1622,0.1667,347937.98
COOKIEUSDTSWAP,1440,20250309,030000,0.1669,0.1706,0.1528,0.1557,361371.21
COOKIEUSDTSWAP,1440,20250310,030000,0.1558,0.1862,0.1544,0.1589,882962.22
COOKIEUSDTSWAP,1440,20250311,030000,0.159,0.199,0.1431,0.1872,1418852.08
COOKIEUSDTSWAP,1440,20250312,030000,0.1873,0.1907,0.1562,0.1655,633883.51
COOKIEUSDTSWAP,1440,20250313,030000,0.1655,0.1659,0.1424,0.1502,496036.43
COOKIEUSDTSWAP,1440,20250314,030000,0.1503,0.1554,0.1461,0.1466,224726.16
COOKIEUSDTSWAP,1440,20250315,030000,0.1466,0.1581,0.1445,0.1529,231890.41
COOKIEUSDTSWAP,1440,20250316,030000,0.1529,0.1585,0.1412,0.1437,429884.31
COOKIEUSDTSWAP,1440,20250317,030000,0.1438,0.1559,0.1436,0.149,332921.88
COOKIEUSDTSWAP,1440,20250318,030000,0.149,0.1494,0.1246,0.1331,627023.29
COOKIEUSDTSWAP,1440,20250319,030000,0.1331,0.145,0.1292,0.1423,401518.91
COOKIEUSDTSWAP,1440,20250320,030000,0.1423,0.1446,0.1316,0.1358,270689.75
COOKIEUSDTSWAP,1440,20250321,030000,0.1358,0.1359,0.1243,0.128,333545.17
COOKIEUSDTSWAP,1440,20250322,030000,0.128,0.1339,0.1274,0.131,149832.58
COOKIEUSDTSWAP,1440,20250323,030000,0.131,0.1337,0.1236,0.1282,193686.91
COOKIEUSDTSWAP,1440,20250324,030000,0.1282,0.1413,0.1255,0.1364,208454.23
COOKIEUSDTSWAP,1440,20250325,030000,0.1364,0.14,0.1328,0.1393,113215.82
COOKIEUSDTSWAP,1440,20250326,030000,0.1393,0.1437,0.1299,0.1323,203778.91
COOKIEUSDTSWAP,1440,20250327,030000,0.1323,0.1448,0.1315,0.1367,183356.03
COOKIEUSDTSWAP,1440,20250328,030000,0.1368,0.1387,0.1132,0.1183,281801.3
COOKIEUSDTSWAP,1440,20250329,030000,0.1183,0.119,0.105,0.1083,171912.26
COOKIEUSDTSWAP,1440,20250330,030000,0.1083,0.1106,0.1049,0.1073,130010.47
COOKIEUSDTSWAP,1440,20250331,030000,0.1075,0.1085,0.1018,0.1031,129935.36
COOKIEUSDTSWAP,1440,20250401,030000,0.1031,0.1079,0.1015,0.1049,128035.56
COOKIEUSDTSWAP,1440,20250402,030000,0.1048,0.1054,0.0938,0.0961,162127.8
COOKIEUSDTSWAP,1440,20250403,030000,0.0961,0.0994,0.0905,0.0946,73043.5
COOKIEUSDTSWAP,1440,20250404,030000,0.0946,0.0958,0.0898,0.0951,139677.09
COOKIEUSDTSWAP,1440,20250405,030000,0.0951,0.0963,0.0903,0.0925,61947.09
COOKIEUSDTSWAP,1440,20250406,030000,0.0925,0.0925,0.0759,0.0781,191863.04
COOKIEUSDTSWAP,1440,20250407,030000,0.0781,0.0843,0.0702,0.0801,122475.01
COOKIEUSDTSWAP,1440,20250408,030000,0.0801,0.0831,0.0737,0.0742,86972.26
COOKIEUSDTSWAP,1440,20250409,030000,0.0743,0.0856,0.0707,0.0853,82897.33
COOKIEUSDTSWAP,1440,20250410,030000,0.0853,0.0855,0.0786,0.0812,100064.58
COOKIEUSDTSWAP,1440,20250411,030000,0.0812,0.0865,0.0807,0.0845,91602.61
COOKIEUSDTSWAP,1440,20250412,030000,0.0845,0.1033,0.084,0.0989,251391.39
COOKIEUSDTSWAP,1440,20250413,030000,0.0991,0.1035,0.0892,0.0916,189173.48
COOKIEUSDTSWAP,1440,20250414,030000,0.0917,0.0996,0.0881,0.0881,162773.28
COOKIEUSDTSWAP,1440,20250415,030000,0.0882,0.0933,0.0855,0.0867,101899.58
COOKIEUSDTSWAP,1440,20250416,030000,0.0865,0.0949,0.0854,0.0866,197313.07
COOKIEUSDTSWAP,1440,20250417,030000,0.0866,0.0935,0.0844,0.0928,151304.92
COOKIEUSDTSWAP,1440,20250418,030000,0.0928,0.097,0.0882,0.092,169504.68
COOKIEUSDTSWAP,1440,20250419,030000,0.092,0.0996,0.0905,0.0966,146271.9
COOKIEUSDTSWAP,1440,20250420,030000,0.0966,0.1003,0.091,0.0947,124632.16
COOKIEUSDTSWAP,1440,20250421,030000,0.0947,0.107,0.0941,0.1004,191712.67
COOKIEUSDTSWAP,1440,20250422,030000,0.1004,0.11772,0.0967,0.11702,173071.13
COOKIEUSDTSWAP,1440,20250423,030000,0.11707,0.13991,0.11247,0.12427,577341.71
COOKIEUSDTSWAP,1440,20250424,030000,0.12431,0.12442,0.1136,0.12392,231783.95
COOKIEUSDTSWAP,1440,20250425,030000,0.12389,0.13625,0.1206,0.12791,221352.4
COOKIEUSDTSWAP,1440,20250426,030000,0.12792,0.14451,0.12754,0.13698,263039.59
COOKIEUSDTSWAP,1440,20250427,030000,0.13695,0.13695,0.12269,0.12329,175551.69
COOKIEUSDTSWAP,1440,20250428,030000,0.12324,0.1465,0.11643,0.1448,378325.73
COOKIEUSDTSWAP,1440,20250429,030000,0.14484,0.19048,0.14393,0.18311,2915799.68
COOKIEUSDTSWAP,1440,20250430,030000,0.18314,0.186,0.16407,0.17717,1317618.31
COOKIEUSDTSWAP,1440,20250501,030000,0.17715,0.20916,0.17088,0.18782,965255.81
COOKIEUSDTSWAP,1440,20250502,030000,0.18781,0.19659,0.17279,0.18103,593375.74
COOKIEUSDTSWAP,1440,20250503,030000,0.18102,0.1811,0.15803,0.15828,969268.33
COOKIEUSDTSWAP,1440,20250504,030000,0.15825,0.16493,0.1487,0.15285,667700.11
COOKIEUSDTSWAP,1440,20250505,030000,0.1528,0.1719,0.14928,0.15104,793787.75
COOKIEUSDTSWAP,1440,20250506,030000,0.151,0.16152,0.1417,0.1555,481418.2
COOKIEUSDTSWAP,1440,20250507,030000,0.15553,0.17417,0.15502,0.16379,1226283.28
COOKIEUSDTSWAP,1440,20250508,030000,0.16375,0.18931,0.16072,0.18733,607125.56
COOKIEUSDTSWAP,1440,20250509,030000,0.18742,0.2032,0.17477,0.18482,603700.25
COOKIEUSDTSWAP,1440,20250510,030000,0.18477,0.19809,0.17446,0.19515,383784.29
COOKIEUSDTSWAP,1440,20250511,030000,0.19509,0.19779,0.1745,0.18314,338794.46
COOKIEUSDTSWAP,1440,20250512,030000,0.1831,0.20882,0.17555,0.18617,710482.93
COOKIEUSDTSWAP,1440,20250513,030000,0.1862,0.19564,0.1664,0.1897,652533.24
COOKIEUSDTSWAP,1440,20250514,030000,0.18967,0.19331,0.174,0.17856,395249.33
COOKIEUSDTSWAP,1440,20250515,030000,0.17856,0.18124,0.15528,0.1622,479532.34
COOKIEUSDTSWAP,1440,20250516,030000,0.16221,0.16972,0.15462,0.15752,247534.41
COOKIEUSDTSWAP,1440,20250517,030000,0.15753,0.15775,0.14484,0.15071,204472.05
COOKIEUSDTSWAP,1440,20250518,030000,0.15073,0.16883,0.14959,0.16285,309722.11
COOKIEUSDTSWAP,1440,20250519,030000,0.163,0.16389,0.14551,0.15306,276765.69
COOKIEUSDTSWAP,1440,20250520,030000,0.15306,0.16027,0.14753,0.15737,246757.97
COOKIEUSDTSWAP,1440,20250521,030000,0.15732,0.2372,0.1568,0.22599,8442012.71
COOKIEUSDTSWAP,1440,20250522,030000,0.22601,0.29722,0.221,0.27408,9586750.02
COOKIEUSDTSWAP,1440,20250523,030000,0.27393,0.32359,0.26581,0.2865,9917398.15
COOKIEUSDTSWAP,1440,20250524,030000,0.28657,0.3155,0.27913,0.30034,5345216.84
COOKIEUSDTSWAP,1440,20250525,030000,0.30034,0.30865,0.27341,0.30035,5608315.8
COOKIEUSDTSWAP,1440,20250526,030000,0.30035,0.36848,0.257,0.2632,12392990.94
COOKIEUSDTSWAP,1440,20250527,030000,0.26322,0.30423,0.25403,0.27716,6884813.12
COOKIEUSDTSWAP,1440,20250528,030000,0.27715,0.2843,0.23924,0.25176,2739371.94
COOKIEUSDTSWAP,1440,20250529,030000,0.2518,0.26408,0.23466,0.24104,1722302.94
COOKIEUSDTSWAP,1440,20250530,030000,0.24102,0.24198,0.21707,0.21942,1688278.82
COOKIEUSDTSWAP,1440,20250531,030000,0.21943,0.24368,0.20979,0.22262,1853934.67
COOKIEUSDTSWAP,1440,20250601,030000,0.22264,0.26077,0.20976,0.25329,1612698.85
COOKIEUSDTSWAP,1440,20250602,030000,0.2534,0.26714,0.23657,0.24668,3141310.86
COOKIEUSDTSWAP,1440,20250603,030000,0.24669,0.26714,0.23046,0.23207,2008921.99
COOKIEUSDTSWAP,1440,20250604,030000,0.23205,0.23575,0.2211,0.22253,670734.03