<TICKER>,<PER>,<DATE>,<TIME>,<OPEN>,<HIGH>,<LOW>,<CLOSE>,<VOL>
COOKIEUSDTSWAP,60,20250531,190000,0.22222,0.22867,0.22054,0.22613,83138.95
COOKIEUSDTSWAP,60,20250531,200000,0.22614,0.22851,0.22269,0.22323,56880.77
COOKIEUSDTSWAP,60,20250531,210000,0.22321,0.22979,0.22257,0.2254,35632.35
COOKIEUSDTSWAP,60,20250531,220000,0.22541,0.2271,0.22378,0.22556,30570.33
COOKIEUSDTSWAP,60,20250531,230000,0.22554,0.22644,0.22301,0.22317,38493.81
COOKIEUSDTSWAP,60,20250601,000000,0.22317,0.22578,0.22225,0.22336,35017.6
COOKIEUSDTSWAP,60,20250601,010000,0.22337,0.22462,0.22102,0.22264,31875.79
COOKIEUSDTSWAP,60,20250601,020000,0.2226,0.22515,0.22101,0.22262,36984.54
COOKIEUSDTSWAP,60,20250601,030000,0.22264,0.22289,0.21613,0.2209,108506.94
COOKIEUSDTSWAP,60,20250601,040000,0.22099,0.22119,0.2144,0.21501,63316.95
COOKIEUSDTSWAP,60,20250601,050000,0.21496,0.21719,0.2116,0.21612,64566.89
COOKIEUSDTSWAP,60,20250601,060000,0.21616,0.21637,0.21049,0.21058,54444.87
COOKIEUSDTSWAP,60,20250601,070000,0.2106,0.21736,0.20976,0.21658,57026.69
COOKIEUSDTSWAP,60,20250601,080000,0.21659,0.21828,0.21496,0.21721,41668.88
COOKIEUSDTSWAP,60,20250601,090000,0.2172,0.21759,0.21426,0.21483,35421.63
COOKIEUSDTSWAP,60,20250601,100000,0.21485,0.21753,0.21342,0.21628,24996.72
COOKIEUSDTSWAP,60,20250601,110000,0.21626,0.21743,0.21428,0.21468,19425.34
COOKIEUSDTSWAP,60,20250601,120000,0.21476,0.21597,0.21017,0.21209,39173.3
COOKIEUSDTSWAP,60,20250601,130000,0.21202,0.21576,0.21191,0.21504,22524.37
COOKIEUSDTSWAP,60,20250601,140000,0.21506,0.21927,0.21321,0.2192,28335.23
COOKIEUSDTSWAP,60,20250601,150000,0.21916,0.21979,0.2144,0.21542,49103.67
COOKIEUSDTSWAP,60,20250601,160000,0.2154,0.21984,0.21456,0.21796,30323.8
COOKIEUSDTSWAP,60,20250601,170000,0.21794,0.22675,0.21772,0.2235,79711.77
COOKIEUSDTSWAP,60,20250601,180000,0.2235,0.22757,0.22297,0.22454,46285.51
COOKIEUSDTSWAP,60,20250601,190000,0.22448,0.22809,0.22329,0.2257,50958.76
COOKIEUSDTSWAP,60,20250601,200000,0.2257,0.23236,0.22555,0.23195,63688.48
COOKIEUSDTSWAP,60,20250601,210000,0.23193,0.23289,0.22623,0.23015,65272.52
COOKIEUSDTSWAP,60,20250601,220000,0.23012,0.23448,0.23002,0.23431,46724.26
COOKIEUSDTSWAP,60,20250601,230000,0.23428,0.24353,0.23228,0.24236,63494.57
COOKIEUSDTSWAP,60,20250602,000000,0.24246,0.25356,0.24199,0.25209,114188.72
COOKIEUSDTSWAP,60,20250602,010000,0.25199,0.257,0.24864,0.253,258637.24
COOKIEUSDTSWAP,60,20250602,020000,0.25296,0.26077,0.25163,0.25329,244078.32
COOKIEUSDTSWAP,60,20250602,030000,0.2534,0.26109,0.25085,0.2603,149822.5
COOKIEUSDTSWAP,60,20250602,040000,0.2602,0.26714,0.25523,0.25693,281593.12
COOKIEUSDTSWAP,60,20250602,050000,0.25699,0.25786,0.25146,0.25425,171163.31
COOKIEUSDTSWAP,60,20250602,060000,0.25433,0.25952,0.24939,0.25882,195659.12
COOKIEUSDTSWAP,60,20250602,070000,0.2588,0.26118,0.25182,0.25279,229512.12
COOKIEUSDTSWAP,60,20250602,080000,0.25271,0.25649,0.24736,0.2488,161693.21
COOKIEUSDTSWAP,60,20250602,090000,0.2488,0.25814,0.24785,0.2557,227777.15
COOKIEUSDTSWAP,60,20250602,100000,0.25565,0.25784,0.25216,0.25386,165315.05
COOKIEUSDTSWAP,60,20250602,110000,0.25388,0.25921,0.2513,0.25235,185765.27
COOKIEUSDTSWAP,60,20250602,120000,0.25236,0.25254,0.24836,0.25049,147040.83
COOKIEUSDTSWAP,60,20250602,130000,0.2505,0.25189,0.2427,0.24427,187866.73
COOKIEUSDTSWAP,60,20250602,140000,0.24424,0.24532,0.24029,0.24435,118921.68
COOKIEUSDTSWAP,60,20250602,150000,0.24424,0.24581,0.24018,0.24416,130937.06
COOKIEUSDTSWAP,60,20250602,160000,0.24418,0.24535,0.24094,0.24222,104868.47
COOKIEUSDTSWAP,60,20250602,170000,0.24214,0.24552,0.24031,0.24216,105692.42
COOKIEUSDTSWAP,60,20250602,180000,0.24224,0.24545,0.23657,0.24403,141104.56
COOKIEUSDTSWAP,60,20250602,190000,0.24399,0.24449,0.24056,0.24354,50870.21
COOKIEUSDTSWAP,60,20250602,200000,0.24349,0.24534,0.24019,0.24312,39680.59
COOKIEUSDTSWAP,60,20250602,210000,0.24316,0.24644,0.2414,0.2424,43264.97
COOKIEUSDTSWAP,60,20250602,220000,0.24239,0.24363,0.23801,0.23932,52592.57
COOKIEUSDTSWAP,60,20250602,230000,0.23933,0.2464,0.23933,0.2453,69659.87
COOKIEUSDTSWAP,60,20250603,000000,0.24529,0.24816,0.24526,0.24717,48773.71
COOKIEUSDTSWAP,60,20250603,010000,0.24716,0.25067,0.24701,0.24792,61832.26
COOKIEUSDTSWAP,60,20250603,020000,0.24796,0.24909,0.24649,0.24668,38875.42
COOKIEUSDTSWAP,60,20250603,030000,0.24669,0.25297,0.24572,0.24785,81445.2
COOKIEUSDTSWAP,60,20250603,040000,0.24789,0.25892,0.24789,0.25744,88349.48
COOKIEUSDTSWAP,60,20250603,050000,0.2575,0.26428,0.25604,0.26127,170323.38
COOKIEUSDTSWAP,60,20250603,060000,0.26125,0.26714,0.25928,0.26232,151251.47
COOKIEUSDTSWAP,60,20250603,070000,0.26236,0.26378,0.25727,0.25828,94816.64
COOKIEUSDTSWAP,60,20250603,080000,0.2583,0.26073,0.25235,0.25365,132999.44
COOKIEUSDTSWAP,60,20250603,090000,0.2537,0.25445,0.2501,0.25356,65566.23
COOKIEUSDTSWAP,60,20250603,100000,0.25348,0.25499,0.2483,0.24864,62356.08
COOKIEUSDTSWAP,60,20250603,110000,0.24864,0.24947,0.23721,0.24179,145400.2
COOKIEUSDTSWAP,60,20250603,120000,0.2418,0.24219,0.23761,0.2407,66906.54
COOKIEUSDTSWAP,60,20250603,130000,0.2407,0.24287,0.23961,0.24226,50299.56
COOKIEUSDTSWAP,60,20250603,140000,0.24227,0.24433,0.23579,0.23672,67176.87
COOKIEUSDTSWAP,60,20250603,150000,0.2367,0.23737,0.2305,0.23311,135548.86
COOKIEUSDTSWAP,60,20250603,160000,0.2331,0.2391,0.2331,0.23595,120189.16
COOKIEUSDTSWAP,60,20250603,170000,0.236,0.23998,0.23301,0.23972,89600.7
COOKIEUSDTSWAP,60,20250603,180000,0.23968,0.24072,0.23564,0.23709,67094.58
COOKIEUSDTSWAP,60,20250603,190000,0.23707,0.2374,0.23305,0.23353,58309.74
COOKIEUSDTSWAP,60,20250603,200000,0.23355,0.2376,0.2332,0.23516,65667.49
COOKIEUSDTSWAP,60,20250603,210000,0.23512,0.23554,0.23337,0.23443,44352.1
COOKIEUSDTSWAP,60,20250603,220000,0.23435,0.24043,0.2343,0.23898,67669.03
COOKIEUSDTSWAP,60,20250603,230000,0.23896,0.23958,0.23394,0.23498,52402.49
COOKIEUSDTSWAP,60,20250604,000000,0.23504,0.2363,0.23046,0.23178,53174.04
COOKIEUSDTSWAP,60,20250604,010000,0.23186,0.23467,0.23154,0.23262,32696.67
COOKIEUSDTSWAP,60,20250604,020000,0.2326,0.23417,0.2311,0.23207,34687.87
COOKIEUSDTSWAP,60,20250604,030000,0.23205,0.23234,0.22768,0.23207,63072.35
COOKIEUSDTSWAP,60,20250604,040000,0.23208,0.23575,0.23152,0.23348,39475.88
COOKIEUSDTSWAP,60,20250604,050000,0.23352,0.23486,0.2307,0.23104,30382.59
COOKIEUSDTSWAP,60,20250604,060000,0.23104,0.23267,0.22974,0.22996,28252.73
COOKIEUSDTSWAP,60,20250604,070000,0.22987,0.23238,0.22964,0.23074,37660.98
COOKIEUSDTSWAP,60,20250604,080000,0.23069,0.23219,0.22897,0.23009,30564.58
COOKIEUSDTSWAP,60,20250604,090000,0.23009,0.23151,0.22902,0.22906,23186.86
COOKIEUSDTSWAP,60,20250604,100000,0.22911,0.23024,0.22723,0.22827,23420.77
COOKIEUSDTSWAP,60,20250604,110000,0.2283,0.22936,0.22706,0.22726,26032.59
COOKIEUSDTSWAP,60,20250604,120000,0.22726,0.22826,0.22458,0.22744,44802.26
COOKIEUSDTSWAP,60,20250604,130000,0.22741,0.22804,0.22373,0.22451,22253.66
COOKIEUSDTSWAP,60,20250604,140000,0.22445,0.22617,0.22366,0.22397,27488.84
COOKIEUSDTSWAP,60,20250604,150000,0.22405,0.22446,0.22246,0.22325,31579.18
COOKIEUSDTSWAP,60,20250604,160000,0.22322,0.2277,0.22229,0.22609,41111.1
COOKIEUSDTSWAP,60,20250604,170000,0.22606,0.22737,0.22437,0.2272,41072.39
COOKIEUSDTSWAP,60,20250604,180000,0.22721,0.22958,0.2257,0.22723,55448.1
COOKIEUSDTSWAP,60,20250604,190000,0.22727,0.2284,0.22593,0.22608,23256.31
COOKIEUSDTSWAP,60,20250604,200000,0.22607,0.22616,0.22245,0.2235,29204.85
COOKIEUSDTSWAP,60,20250604,210000,0.22355,0.22476,0.22241,0.22286,23588.1
COOKIEUSDTSWAP,60,20250604,220000,0.22288,0.22381,0.2211,0.22232,17206.11