<TICKER>,<PER>,<DATE>,<TIME>,<OPEN>,<HIGH>,<LOW>,<CLOSE>,<VOL>
CROUSDTSWAP,3,20250604,172700,0.10156,0.10162,0.10153,0.10162,68.15
CROUSDTSWAP,3,20250604,173000,0.10162,0.10168,0.1016,0.10167,48.17
CROUSDTSWAP,3,20250604,173300,0.10167,0.10174,0.1016,0.10165,426.91
CROUSDTSWAP,3,20250604,173600,0.10163,0.10164,0.1016,0.1016,50.71
CROUSDTSWAP,3,20250604,173900,0.1016,0.10169,0.10158,0.10164,227.89
CROUSDTSWAP,3,20250604,174200,0.10166,0.10179,0.10164,0.10174,351.54
CROUSDTSWAP,3,20250604,174500,0.10174,0.10178,0.10166,0.10177,173.06
CROUSDTSWAP,3,20250604,174800,0.1018,0.10192,0.10175,0.1018,415.04
CROUSDTSWAP,3,20250604,175100,0.10174,0.10179,0.10171,0.10173,240.21
CROUSDTSWAP,3,20250604,175400,0.10173,0.10193,0.10173,0.1019,383.62
CROUSDTSWAP,3,20250604,175700,0.1019,0.102,0.10188,0.10198,229.99
CROUSDTSWAP,3,20250604,180000,0.10199,0.10199,0.10194,0.10199,138.3
CROUSDTSWAP,3,20250604,180300,0.10198,0.10199,0.10187,0.10189,825.63
CROUSDTSWAP,3,20250604,180600,0.10192,0.10213,0.10191,0.10192,789.17
CROUSDTSWAP,3,20250604,180900,0.10191,0.10205,0.10191,0.10203,179.87
CROUSDTSWAP,3,20250604,181200,0.10202,0.10202,0.10193,0.10194,1126.5
CROUSDTSWAP,3,20250604,181500,0.10195,0.10223,0.10194,0.10208,765.54
CROUSDTSWAP,3,20250604,181800,0.10206,0.10214,0.102,0.10201,444.37
CROUSDTSWAP,3,20250604,182100,0.102,0.10213,0.10191,0.102,377.6
CROUSDTSWAP,3,20250604,182400,0.10199,0.10216,0.10197,0.102,2676.83
CROUSDTSWAP,3,20250604,182700,0.10202,0.10225,0.10199,0.10215,1978.78
CROUSDTSWAP,3,20250604,183000,0.10214,0.10215,0.10194,0.10209,79.36
CROUSDTSWAP,3,20250604,183300,0.10207,0.10214,0.10184,0.10186,801.86
CROUSDTSWAP,3,20250604,183600,0.10188,0.10219,0.10186,0.10219,676.18
CROUSDTSWAP,3,20250604,183900,0.10216,0.10224,0.10198,0.10217,1373.13
CROUSDTSWAP,3,20250604,184200,0.10216,0.10217,0.10197,0.10204,1355.77
CROUSDTSWAP,3,20250604,184500,0.10203,0.10219,0.10197,0.10208,211.92
CROUSDTSWAP,3,20250604,184800,0.10209,0.10212,0.10179,0.10182,456.75
CROUSDTSWAP,3,20250604,185100,0.10185,0.10189,0.10167,0.10181,859.82
CROUSDTSWAP,3,20250604,185400,0.10178,0.10201,0.10178,0.10201,309.82
CROUSDTSWAP,3,20250604,185700,0.10199,0.10199,0.10171,0.1018,476.4
CROUSDTSWAP,3,20250604,190000,0.10178,0.10186,0.10174,0.1018,323.66
CROUSDTSWAP,3,20250604,190300,0.10179,0.10186,0.10172,0.10172,468.74
CROUSDTSWAP,3,20250604,190600,0.10174,0.10178,0.10162,0.10165,380.3
CROUSDTSWAP,3,20250604,190900,0.10166,0.1018,0.10161,0.1018,216.43
CROUSDTSWAP,3,20250604,191200,0.10182,0.10188,0.10178,0.10187,305.66
CROUSDTSWAP,3,20250604,191500,0.10184,0.10189,0.10167,0.10168,405.32
CROUSDTSWAP,3,20250604,191800,0.1017,0.10184,0.10164,0.10184,170.14
CROUSDTSWAP,3,20250604,192100,0.1018,0.10196,0.1018,0.10184,425.73
CROUSDTSWAP,3,20250604,192400,0.10182,0.10197,0.10181,0.10189,75.35
CROUSDTSWAP,3,20250604,192700,0.1019,0.10197,0.10188,0.10197,72.65
CROUSDTSWAP,3,20250604,193000,0.10197,0.1021,0.10194,0.1021,142.25
CROUSDTSWAP,3,20250604,193300,0.10209,0.1021,0.10204,0.1021,153.65
CROUSDTSWAP,3,20250604,193600,0.10209,0.1021,0.10204,0.1021,74.83
CROUSDTSWAP,3,20250604,193900,0.10211,0.10215,0.10205,0.10209,100.07
CROUSDTSWAP,3,20250604,194200,0.10207,0.10214,0.10207,0.10209,284.57
CROUSDTSWAP,3,20250604,194500,0.10209,0.10213,0.10186,0.10196,1277.96
CROUSDTSWAP,3,20250604,194800,0.10197,0.10204,0.10193,0.10204,108.19
CROUSDTSWAP,3,20250604,195100,0.10204,0.10208,0.10204,0.10205,17.14
CROUSDTSWAP,3,20250604,195400,0.10204,0.10206,0.102,0.10205,120.0
CROUSDTSWAP,3,20250604,195700,0.10203,0.10207,0.10202,0.10203,49.18
CROUSDTSWAP,3,20250604,200000,0.10205,0.10207,0.10194,0.10194,90.93
CROUSDTSWAP,3,20250604,200300,0.10193,0.10193,0.10146,0.10158,2716.64
CROUSDTSWAP,3,20250604,200600,0.10158,0.10158,0.10151,0.10157,149.63
CROUSDTSWAP,3,20250604,200900,0.10158,0.10163,0.10142,0.10143,689.83
CROUSDTSWAP,3,20250604,201200,0.10141,0.10163,0.10141,0.10157,788.16
CROUSDTSWAP,3,20250604,201500,0.10156,0.10156,0.10148,0.10152,187.99
CROUSDTSWAP,3,20250604,201800,0.1015,0.10163,0.1012,0.1013,2159.62
CROUSDTSWAP,3,20250604,202100,0.10129,0.10143,0.10127,0.1014,1035.49
CROUSDTSWAP,3,20250604,202400,0.10136,0.10137,0.10116,0.1012,762.13
CROUSDTSWAP,3,20250604,202700,0.10121,0.10123,0.10114,0.10116,229.14
CROUSDTSWAP,3,20250604,203000,0.10115,0.10118,0.10109,0.10113,1203.28
CROUSDTSWAP,3,20250604,203300,0.10112,0.10128,0.10109,0.10121,487.8
CROUSDTSWAP,3,20250604,203600,0.10122,0.10122,0.10112,0.10115,79.15
CROUSDTSWAP,3,20250604,203900,0.10116,0.10125,0.10112,0.10124,471.1
CROUSDTSWAP,3,20250604,204200,0.10125,0.10148,0.10125,0.10141,1215.61
CROUSDTSWAP,3,20250604,204500,0.10141,0.10148,0.10141,0.10144,184.67
CROUSDTSWAP,3,20250604,204800,0.10143,0.10151,0.10135,0.10135,527.44
CROUSDTSWAP,3,20250604,205100,0.10136,0.10145,0.10134,0.10145,190.46
CROUSDTSWAP,3,20250604,205400,0.10143,0.10152,0.10143,0.10148,182.27
CROUSDTSWAP,3,20250604,205700,0.10148,0.10162,0.10148,0.10161,204.48
CROUSDTSWAP,3,20250604,210000,0.10158,0.10165,0.10158,0.1016,108.79
CROUSDTSWAP,3,20250604,210300,0.10158,0.10168,0.10158,0.10163,372.09
CROUSDTSWAP,3,20250604,210600,0.10163,0.10163,0.10148,0.10148,10.47
CROUSDTSWAP,3,20250604,210900,0.10146,0.10158,0.10144,0.10158,155.23
CROUSDTSWAP,3,20250604,211200,0.10157,0.10168,0.10157,0.1016,161.7
CROUSDTSWAP,3,20250604,211500,0.10159,0.10173,0.10158,0.10169,354.75
CROUSDTSWAP,3,20250604,211800,0.10168,0.10178,0.10167,0.10168,719.49
CROUSDTSWAP,3,20250604,212100,0.10173,0.1018,0.10172,0.10173,184.95
CROUSDTSWAP,3,20250604,212400,0.10173,0.10174,0.10171,0.10172,158.6
CROUSDTSWAP,3,20250604,212700,0.10172,0.10182,0.10171,0.10174,243.62
CROUSDTSWAP,3,20250604,213000,0.10171,0.10181,0.10155,0.10157,2051.19
CROUSDTSWAP,3,20250604,213300,0.10159,0.10159,0.10155,0.10155,52.32
CROUSDTSWAP,3,20250604,213600,0.10158,0.10159,0.1014,0.1015,360.1
CROUSDTSWAP,3,20250604,213900,0.10148,0.10148,0.10138,0.10138,9.95
CROUSDTSWAP,3,20250604,214200,0.10142,0.10149,0.10142,0.10148,566.84
CROUSDTSWAP,3,20250604,214500,0.10149,0.10149,0.1013,0.10144,834.86
CROUSDTSWAP,3,20250604,214800,0.1014,0.10145,0.10124,0.10124,84.47
CROUSDTSWAP,3,20250604,215100,0.10122,0.10126,0.10093,0.10095,1663.35
CROUSDTSWAP,3,20250604,215400,0.10096,0.10113,0.10091,0.10095,404.24
CROUSDTSWAP,3,20250604,215700,0.10095,0.10102,0.10095,0.101,46.13
CROUSDTSWAP,3,20250604,220000,0.101,0.10108,0.101,0.10103,131.5
CROUSDTSWAP,3,20250604,220300,0.10102,0.10114,0.101,0.10109,1162.44
CROUSDTSWAP,3,20250604,220600,0.10108,0.10109,0.10104,0.10106,73.28
CROUSDTSWAP,3,20250604,220900,0.10106,0.10111,0.10102,0.10106,214.45
CROUSDTSWAP,3,20250604,221200,0.10107,0.10114,0.10107,0.10114,542.64
CROUSDTSWAP,3,20250604,221500,0.10108,0.10111,0.10102,0.10111,337.2
CROUSDTSWAP,3,20250604,221800,0.10109,0.10115,0.10109,0.10113,308.63
CROUSDTSWAP,3,20250604,222100,0.1011,0.10117,0.10108,0.10108,140.43
CROUSDTSWAP,3,20250604,222400,0.10106,0.1011,0.10104,0.10104,34.36