<TICKER>,<PER>,<DATE>,<TIME>,<OPEN>,<HIGH>,<LOW>,<CLOSE>,<VOL>
CRVUSDTSWAP,1440,20250225,030000,0.4354,0.4703,0.403,0.4553,69934566.7
CRVUSDTSWAP,1440,20250226,030000,0.4554,0.4781,0.4454,0.4628,43763023.28
CRVUSDTSWAP,1440,20250227,030000,0.4628,0.4739,0.4435,0.4538,26651480.65
CRVUSDTSWAP,1440,20250228,030000,0.4539,0.4563,0.4171,0.4501,45611433.3
CRVUSDTSWAP,1440,20250301,030000,0.4502,0.456,0.4207,0.436,21060749.02
CRVUSDTSWAP,1440,20250302,030000,0.4361,0.5124,0.4204,0.5009,54664857.64
CRVUSDTSWAP,1440,20250303,030000,0.5009,0.5048,0.4044,0.4134,75486097.84
CRVUSDTSWAP,1440,20250304,030000,0.4134,0.4261,0.3679,0.4182,77776959.83
CRVUSDTSWAP,1440,20250305,030000,0.4181,0.4509,0.4148,0.437,35442344.11
CRVUSDTSWAP,1440,20250306,030000,0.4371,0.4519,0.4165,0.4197,27423123.8
CRVUSDTSWAP,1440,20250307,030000,0.4198,0.4572,0.4014,0.4286,48802451.91
CRVUSDTSWAP,1440,20250308,030000,0.4287,0.4381,0.4058,0.4272,26936020.1
CRVUSDTSWAP,1440,20250309,030000,0.4272,0.4331,0.3747,0.3768,39451093.8
CRVUSDTSWAP,1440,20250310,030000,0.3769,0.3964,0.3506,0.366,52867358.21
CRVUSDTSWAP,1440,20250311,030000,0.3661,0.4158,0.3468,0.4012,56318863.9
CRVUSDTSWAP,1440,20250312,030000,0.4012,0.4329,0.3907,0.4063,41582118.03
CRVUSDTSWAP,1440,20250313,030000,0.4064,0.4179,0.3775,0.394,35480844.25
CRVUSDTSWAP,1440,20250314,030000,0.3941,0.4183,0.392,0.4097,23314643.48
CRVUSDTSWAP,1440,20250315,030000,0.4097,0.4234,0.4069,0.4192,16079496.31
CRVUSDTSWAP,1440,20250316,030000,0.4192,0.441,0.4033,0.4112,35501807.8
CRVUSDTSWAP,1440,20250317,030000,0.4113,0.449,0.4111,0.433,34168397.07
CRVUSDTSWAP,1440,20250318,030000,0.4329,0.4531,0.4244,0.4501,29718503.61
CRVUSDTSWAP,1440,20250319,030000,0.45,0.4797,0.4392,0.4678,48018964.5
CRVUSDTSWAP,1440,20250320,030000,0.4677,0.472,0.4349,0.4402,30049053.85
CRVUSDTSWAP,1440,20250321,030000,0.4401,0.4455,0.4305,0.4394,20301986.84
CRVUSDTSWAP,1440,20250322,030000,0.4393,0.4982,0.4369,0.4914,36562652.58
CRVUSDTSWAP,1440,20250323,030000,0.4913,0.5187,0.4797,0.5032,50289798.15
CRVUSDTSWAP,1440,20250324,030000,0.5033,0.5295,0.4913,0.509,50051722.91
CRVUSDTSWAP,1440,20250325,030000,0.509,0.5308,0.4917,0.5016,43718409.56
CRVUSDTSWAP,1440,20250326,030000,0.5017,0.5718,0.4993,0.5491,86747525.68
CRVUSDTSWAP,1440,20250327,030000,0.549,0.6081,0.5464,0.5796,153697880.24
CRVUSDTSWAP,1440,20250328,030000,0.5797,0.5962,0.4885,0.5033,123065988.34
CRVUSDTSWAP,1440,20250329,030000,0.5033,0.5215,0.4704,0.4891,95841726.4
CRVUSDTSWAP,1440,20250330,030000,0.489,0.4976,0.4637,0.4686,58735905.41
CRVUSDTSWAP,1440,20250331,030000,0.4686,0.5049,0.4461,0.5023,83485454.54
CRVUSDTSWAP,1440,20250401,030000,0.5021,0.5496,0.4994,0.5388,104856538.53
CRVUSDTSWAP,1440,20250402,030000,0.5388,0.5596,0.4814,0.4906,130407352.92
CRVUSDTSWAP,1440,20250403,030000,0.4906,0.539,0.4843,0.5204,103812055.02
CRVUSDTSWAP,1440,20250404,030000,0.5204,0.5482,0.4886,0.5007,114184544.35
CRVUSDTSWAP,1440,20250405,030000,0.5007,0.5079,0.4699,0.4957,74118474.29
CRVUSDTSWAP,1440,20250406,030000,0.4957,0.4957,0.4139,0.4217,79561855.11
CRVUSDTSWAP,1440,20250407,030000,0.4216,0.4847,0.3955,0.4593,108282793.29
CRVUSDTSWAP,1440,20250408,030000,0.4593,0.4886,0.4448,0.4535,75361531.55
CRVUSDTSWAP,1440,20250409,030000,0.4535,0.5381,0.434,0.5217,98808330.12
CRVUSDTSWAP,1440,20250410,030000,0.5218,0.5642,0.4961,0.5587,80036529.38
CRVUSDTSWAP,1440,20250411,030000,0.5586,0.6341,0.5542,0.6069,189071661.87
CRVUSDTSWAP,1440,20250412,030000,0.6069,0.6536,0.5923,0.6242,125181298.73
CRVUSDTSWAP,1440,20250413,030000,0.6242,0.6403,0.583,0.5999,85790549.86
CRVUSDTSWAP,1440,20250414,030000,0.5999,0.626,0.5849,0.5871,75476512.08
CRVUSDTSWAP,1440,20250415,030000,0.5871,0.6106,0.5686,0.5842,61264429.24
CRVUSDTSWAP,1440,20250416,030000,0.5842,0.6658,0.5776,0.6307,114560262.9
CRVUSDTSWAP,1440,20250417,030000,0.6307,0.6401,0.5937,0.6013,72895488.61
CRVUSDTSWAP,1440,20250418,030000,0.6013,0.6079,0.5766,0.5959,51291564.66
CRVUSDTSWAP,1440,20250419,030000,0.5958,0.6274,0.5944,0.6126,48332361.29
CRVUSDTSWAP,1440,20250420,030000,0.6125,0.6206,0.5886,0.6002,42501629.19
CRVUSDTSWAP,1440,20250421,030000,0.6001,0.6394,0.5775,0.5889,70048059.93
CRVUSDTSWAP,1440,20250422,030000,0.5889,0.6997,0.5851,0.6871,101849554.21
CRVUSDTSWAP,1440,20250423,030000,0.6872,0.7065,0.6429,0.6546,85020634.83
CRVUSDTSWAP,1440,20250424,030000,0.6545,0.7078,0.6471,0.6802,91655755.23
CRVUSDTSWAP,1440,20250425,030000,0.6802,0.7043,0.6612,0.6758,72144517.86
CRVUSDTSWAP,1440,20250426,030000,0.6759,0.7088,0.6556,0.6692,59491836.63
CRVUSDTSWAP,1440,20250427,030000,0.6693,0.692,0.6407,0.6542,52308796.81
CRVUSDTSWAP,1440,20250428,030000,0.6543,0.6818,0.6223,0.6468,60621691.94
CRVUSDTSWAP,1440,20250429,030000,0.6468,0.677,0.6384,0.6462,38252657.52
CRVUSDTSWAP,1440,20250430,030000,0.6462,0.7315,0.6431,0.7128,66165090.05
CRVUSDTSWAP,1440,20250501,030000,0.7129,0.7527,0.6978,0.7076,67376933.25
CRVUSDTSWAP,1440,20250502,030000,0.7075,0.7467,0.7065,0.7335,50747191.39
CRVUSDTSWAP,1440,20250503,030000,0.7335,0.7371,0.7001,0.7017,33365776.61
CRVUSDTSWAP,1440,20250504,030000,0.7016,0.707,0.6814,0.6889,34536153.36
CRVUSDTSWAP,1440,20250505,030000,0.6888,0.7208,0.6621,0.6892,52957735.02
CRVUSDTSWAP,1440,20250506,030000,0.6892,0.6906,0.6364,0.6746,60645207.73
CRVUSDTSWAP,1440,20250507,030000,0.6746,0.7025,0.6504,0.6656,45157126.98
CRVUSDTSWAP,1440,20250508,030000,0.6657,0.7616,0.6637,0.7608,63093710.61
CRVUSDTSWAP,1440,20250509,030000,0.7608,0.8048,0.7444,0.7648,63360700.62
CRVUSDTSWAP,1440,20250510,030000,0.7649,0.8191,0.7581,0.8183,46096628.13
CRVUSDTSWAP,1440,20250511,030000,0.8182,0.8292,0.7485,0.7813,55430341.76
CRVUSDTSWAP,1440,20250512,030000,0.7812,0.8259,0.7251,0.7526,70750202.17
CRVUSDTSWAP,1440,20250513,030000,0.7527,0.7903,0.7062,0.7619,57089960.88
CRVUSDTSWAP,1440,20250514,030000,0.7617,0.7824,0.7113,0.7298,50104258.1
CRVUSDTSWAP,1440,20250515,030000,0.7297,0.7399,0.6717,0.6968,59616049.26
CRVUSDTSWAP,1440,20250516,030000,0.6967,0.7279,0.6782,0.6965,42031366.88
CRVUSDTSWAP,1440,20250517,030000,0.6965,0.6994,0.6644,0.6752,43890676.74
CRVUSDTSWAP,1440,20250518,030000,0.675,0.7181,0.647,0.6973,48227352.08
CRVUSDTSWAP,1440,20250519,030000,0.6974,0.7054,0.6355,0.6702,50641355.09
CRVUSDTSWAP,1440,20250520,030000,0.6701,0.7512,0.6688,0.7067,106686472.91
CRVUSDTSWAP,1440,20250521,030000,0.7068,0.762,0.7055,0.7428,64006653.8
CRVUSDTSWAP,1440,20250522,030000,0.7429,0.8255,0.7412,0.8233,74402053.84
CRVUSDTSWAP,1440,20250523,030000,0.8234,0.86,0.7699,0.7815,104826538.55
CRVUSDTSWAP,1440,20250524,030000,0.7815,0.7977,0.7584,0.7666,48361294.1
CRVUSDTSWAP,1440,20250525,030000,0.7667,0.7732,0.7278,0.7611,48102767.2
CRVUSDTSWAP,1440,20250526,030000,0.7612,0.788,0.7444,0.7581,43770794.91
CRVUSDTSWAP,1440,20250527,030000,0.7581,0.8067,0.7363,0.7584,61541410.99
CRVUSDTSWAP,1440,20250528,030000,0.7583,0.7758,0.7331,0.7624,51330356.01
CRVUSDTSWAP,1440,20250529,030000,0.7625,0.8033,0.7322,0.7415,65072914.34
CRVUSDTSWAP,1440,20250530,030000,0.7414,0.7536,0.6569,0.6622,77161849.28
CRVUSDTSWAP,1440,20250531,030000,0.6622,0.6746,0.638,0.6646,37754613.85
CRVUSDTSWAP,1440,20250601,030000,0.6646,0.6844,0.6473,0.6794,31662787.47
CRVUSDTSWAP,1440,20250602,030000,0.6794,0.6943,0.6533,0.6872,41390706.42
CRVUSDTSWAP,1440,20250603,030000,0.6873,0.7091,0.6785,0.6839,31042769.81
CRVUSDTSWAP,1440,20250604,030000,0.6838,0.6987,0.6625,0.6701,32556335.47