<TICKER>,<PER>,<DATE>,<TIME>,<OPEN>,<HIGH>,<LOW>,<CLOSE>,<VOL>
CSPRUSDTSWAP,3,20250604,172700,0.012038,0.012038,0.012017,0.012024,405.38
CSPRUSDTSWAP,3,20250604,173000,0.012027,0.012052,0.012027,0.012039,344.93
CSPRUSDTSWAP,3,20250604,173300,0.012045,0.012058,0.012021,0.012043,1956.73
CSPRUSDTSWAP,3,20250604,173600,0.012047,0.012086,0.012042,0.012061,3114.84
CSPRUSDTSWAP,3,20250604,173900,0.012062,0.012077,0.01206,0.012076,497.2
CSPRUSDTSWAP,3,20250604,174200,0.012078,0.012081,0.012063,0.012075,340.3
CSPRUSDTSWAP,3,20250604,174500,0.012078,0.012085,0.012063,0.012077,961.11
CSPRUSDTSWAP,3,20250604,174800,0.012081,0.012097,0.012079,0.012097,1166.95
CSPRUSDTSWAP,3,20250604,175100,0.012099,0.012109,0.012095,0.012109,1128.69
CSPRUSDTSWAP,3,20250604,175400,0.012109,0.012143,0.012098,0.012143,4279.2
CSPRUSDTSWAP,3,20250604,175700,0.012144,0.01218,0.012142,0.012165,5937.09
CSPRUSDTSWAP,3,20250604,180000,0.012168,0.012177,0.012145,0.012145,3768.39
CSPRUSDTSWAP,3,20250604,180300,0.012147,0.012185,0.012147,0.012172,2556.92
CSPRUSDTSWAP,3,20250604,180600,0.012171,0.01218,0.012139,0.012155,5337.97
CSPRUSDTSWAP,3,20250604,180900,0.01216,0.012161,0.012124,0.012152,5806.36
CSPRUSDTSWAP,3,20250604,181200,0.012152,0.012152,0.012137,0.012144,561.75
CSPRUSDTSWAP,3,20250604,181500,0.012144,0.012182,0.012117,0.012179,9572.24
CSPRUSDTSWAP,3,20250604,181800,0.012179,0.012188,0.012169,0.012173,1053.14
CSPRUSDTSWAP,3,20250604,182100,0.012171,0.01222,0.012162,0.012193,4029.95
CSPRUSDTSWAP,3,20250604,182400,0.012202,0.012203,0.012175,0.012188,1922.18
CSPRUSDTSWAP,3,20250604,182700,0.012185,0.01221,0.012181,0.012189,520.53
CSPRUSDTSWAP,3,20250604,183000,0.012194,0.012194,0.012171,0.012194,726.71
CSPRUSDTSWAP,3,20250604,183300,0.012197,0.012207,0.012186,0.012196,1602.38
CSPRUSDTSWAP,3,20250604,183600,0.012196,0.012232,0.012182,0.012228,1606.75
CSPRUSDTSWAP,3,20250604,183900,0.012224,0.012226,0.012213,0.012213,1357.95
CSPRUSDTSWAP,3,20250604,184200,0.012221,0.01227,0.012206,0.012223,21256.58
CSPRUSDTSWAP,3,20250604,184500,0.012217,0.012233,0.012205,0.012213,2632.81
CSPRUSDTSWAP,3,20250604,184800,0.012212,0.01222,0.012181,0.01222,5523.08
CSPRUSDTSWAP,3,20250604,185100,0.012218,0.01227,0.012218,0.01226,2863.04
CSPRUSDTSWAP,3,20250604,185400,0.012262,0.012277,0.012259,0.012277,1082.01
CSPRUSDTSWAP,3,20250604,185700,0.012272,0.012299,0.012262,0.012286,2538.75
CSPRUSDTSWAP,3,20250604,190000,0.012285,0.012299,0.012203,0.012227,9425.73
CSPRUSDTSWAP,3,20250604,190300,0.012228,0.012241,0.01221,0.01221,2315.02
CSPRUSDTSWAP,3,20250604,190600,0.012208,0.012229,0.012197,0.012197,8597.4
CSPRUSDTSWAP,3,20250604,190900,0.012198,0.012219,0.012193,0.012219,2125.27
CSPRUSDTSWAP,3,20250604,191200,0.012213,0.01222,0.012189,0.012189,746.84
CSPRUSDTSWAP,3,20250604,191500,0.012188,0.012191,0.012113,0.012113,9113.93
CSPRUSDTSWAP,3,20250604,191800,0.012112,0.012129,0.0121,0.012129,3848.67
CSPRUSDTSWAP,3,20250604,192100,0.01213,0.012136,0.012077,0.012093,2262.27
CSPRUSDTSWAP,3,20250604,192400,0.01209,0.012168,0.012067,0.01208,30832.7
CSPRUSDTSWAP,3,20250604,192700,0.012081,0.012085,0.012067,0.01207,551.96
CSPRUSDTSWAP,3,20250604,193000,0.012076,0.012132,0.012074,0.012106,4469.85
CSPRUSDTSWAP,3,20250604,193300,0.012114,0.012123,0.012109,0.012123,519.67
CSPRUSDTSWAP,3,20250604,193600,0.012126,0.012135,0.01212,0.012127,279.36
CSPRUSDTSWAP,3,20250604,193900,0.012135,0.01217,0.012131,0.012154,2538.11
CSPRUSDTSWAP,3,20250604,194200,0.012153,0.01216,0.01215,0.012157,116.95
CSPRUSDTSWAP,3,20250604,194500,0.012169,0.01218,0.012157,0.012168,693.86
CSPRUSDTSWAP,3,20250604,194800,0.012165,0.01218,0.012157,0.012176,35.31
CSPRUSDTSWAP,3,20250604,195100,0.012184,0.012186,0.012179,0.012179,109.83
CSPRUSDTSWAP,3,20250604,195400,0.012179,0.012183,0.012148,0.012148,534.4
CSPRUSDTSWAP,3,20250604,195700,0.01215,0.012152,0.012087,0.012102,3294.55
CSPRUSDTSWAP,3,20250604,200000,0.012117,0.012123,0.0121,0.012101,614.49
CSPRUSDTSWAP,3,20250604,200300,0.012102,0.012116,0.012097,0.012097,569.1
CSPRUSDTSWAP,3,20250604,200600,0.012096,0.012109,0.012083,0.012105,1333.09
CSPRUSDTSWAP,3,20250604,200900,0.012097,0.012097,0.012071,0.012089,489.82
CSPRUSDTSWAP,3,20250604,201200,0.01209,0.012108,0.012088,0.012094,684.72
CSPRUSDTSWAP,3,20250604,201500,0.012102,0.012102,0.012074,0.012079,345.14
CSPRUSDTSWAP,3,20250604,201800,0.012083,0.012088,0.01206,0.012069,543.07
CSPRUSDTSWAP,3,20250604,202100,0.012078,0.012097,0.012073,0.012089,1523.75
CSPRUSDTSWAP,3,20250604,202400,0.01209,0.01209,0.012072,0.01208,355.87
CSPRUSDTSWAP,3,20250604,202700,0.012078,0.012085,0.012061,0.012061,535.25
CSPRUSDTSWAP,3,20250604,203000,0.012061,0.012061,0.011984,0.011989,8448.75
CSPRUSDTSWAP,3,20250604,203300,0.011993,0.012021,0.01198,0.012001,5239.78
CSPRUSDTSWAP,3,20250604,203600,0.012,0.012006,0.011974,0.011988,2109.37
CSPRUSDTSWAP,3,20250604,203900,0.011993,0.012006,0.011991,0.012003,766.52
CSPRUSDTSWAP,3,20250604,204200,0.012003,0.012004,0.011969,0.011986,3102.64
CSPRUSDTSWAP,3,20250604,204500,0.011989,0.012003,0.011984,0.011984,399.81
CSPRUSDTSWAP,3,20250604,204800,0.011983,0.012001,0.01198,0.011987,543.06
CSPRUSDTSWAP,3,20250604,205100,0.011985,0.011997,0.011965,0.011984,1317.1
CSPRUSDTSWAP,3,20250604,205400,0.011992,0.012,0.01199,0.01199,166.84
CSPRUSDTSWAP,3,20250604,205700,0.011992,0.012,0.011988,0.011993,269.33
CSPRUSDTSWAP,3,20250604,210000,0.011996,0.01203,0.011996,0.012029,412.9
CSPRUSDTSWAP,3,20250604,210300,0.012027,0.012044,0.012025,0.012036,1016.21
CSPRUSDTSWAP,3,20250604,210600,0.012035,0.012049,0.011997,0.011997,1309.94
CSPRUSDTSWAP,3,20250604,210900,0.011996,0.01202,0.011996,0.012017,310.49
CSPRUSDTSWAP,3,20250604,211200,0.012014,0.01202,0.012005,0.01201,165.1
CSPRUSDTSWAP,3,20250604,211500,0.012014,0.01202,0.01201,0.012018,53.91
CSPRUSDTSWAP,3,20250604,211800,0.012021,0.012046,0.012006,0.012042,6601.98
CSPRUSDTSWAP,3,20250604,212100,0.012038,0.012053,0.012027,0.012027,420.56
CSPRUSDTSWAP,3,20250604,212400,0.012035,0.012035,0.012027,0.01203,44.02
CSPRUSDTSWAP,3,20250604,212700,0.012033,0.01205,0.012033,0.012035,698.89
CSPRUSDTSWAP,3,20250604,213000,0.012033,0.012048,0.012022,0.012031,591.57
CSPRUSDTSWAP,3,20250604,213300,0.012035,0.01204,0.012026,0.012026,129.32
CSPRUSDTSWAP,3,20250604,213600,0.012024,0.012028,0.012015,0.012019,57.38
CSPRUSDTSWAP,3,20250604,213900,0.012019,0.012023,0.01201,0.01201,512.99
CSPRUSDTSWAP,3,20250604,214200,0.012012,0.012021,0.012006,0.012016,412.22
CSPRUSDTSWAP,3,20250604,214500,0.012014,0.012018,0.011983,0.011998,335.2
CSPRUSDTSWAP,3,20250604,214800,0.01199,0.011993,0.011963,0.011967,2903.5
CSPRUSDTSWAP,3,20250604,215100,0.011962,0.011967,0.011956,0.011956,2712.5
CSPRUSDTSWAP,3,20250604,215400,0.011961,0.011965,0.011946,0.011952,7302.04
CSPRUSDTSWAP,3,20250604,215700,0.011957,0.011965,0.011955,0.011955,1349.37
CSPRUSDTSWAP,3,20250604,220000,0.011955,0.011967,0.011944,0.011952,1358.0
CSPRUSDTSWAP,3,20250604,220300,0.011949,0.011961,0.011947,0.011959,267.28
CSPRUSDTSWAP,3,20250604,220600,0.011958,0.011961,0.01194,0.011947,991.92
CSPRUSDTSWAP,3,20250604,220900,0.01195,0.011956,0.011933,0.011935,636.79
CSPRUSDTSWAP,3,20250604,221200,0.011942,0.011949,0.011936,0.011946,361.89
CSPRUSDTSWAP,3,20250604,221500,0.011942,0.011984,0.01193,0.011965,3539.63
CSPRUSDTSWAP,3,20250604,221800,0.011966,0.011999,0.011966,0.01199,763.05
CSPRUSDTSWAP,3,20250604,222100,0.011984,0.012003,0.011973,0.011979,986.64
CSPRUSDTSWAP,3,20250604,222400,0.011978,0.011978,0.011972,0.011972,163.34