<TICKER>,<PER>,<DATE>,<TIME>,<OPEN>,<HIGH>,<LOW>,<CLOSE>,<VOL>
DGBUSDTSWAP,1440,20250225,030000,0.007278,0.00773,0.006931,0.007677,9778.11
DGBUSDTSWAP,1440,20250226,030000,0.007676,0.008054,0.007486,0.007801,8362.08
DGBUSDTSWAP,1440,20250227,030000,0.0078,0.00809,0.007639,0.007818,5678.63
DGBUSDTSWAP,1440,20250228,030000,0.007812,0.007908,0.007035,0.007746,10390.73
DGBUSDTSWAP,1440,20250301,030000,0.007742,0.007779,0.007303,0.007472,7197.72
DGBUSDTSWAP,1440,20250302,030000,0.007471,0.010638,0.00738,0.009026,38933.89
DGBUSDTSWAP,1440,20250303,030000,0.009025,0.009284,0.00779,0.008099,30562.54
DGBUSDTSWAP,1440,20250304,030000,0.008099,0.008377,0.007555,0.008098,16932.0
DGBUSDTSWAP,1440,20250305,030000,0.008095,0.008541,0.008044,0.008365,14020.52
DGBUSDTSWAP,1440,20250306,030000,0.008359,0.00932,0.008209,0.009152,36117.89
DGBUSDTSWAP,1440,20250307,030000,0.009152,0.009825,0.008716,0.00948,117643.06
DGBUSDTSWAP,1440,20250308,030000,0.009476,0.011831,0.00935,0.011122,248206.47
DGBUSDTSWAP,1440,20250309,030000,0.011113,0.011419,0.009527,0.010029,253350.83
DGBUSDTSWAP,1440,20250310,030000,0.010032,0.01084,0.008503,0.008595,81328.72
DGBUSDTSWAP,1440,20250311,030000,0.008598,0.009287,0.008097,0.008745,40004.75
DGBUSDTSWAP,1440,20250312,030000,0.008746,0.008802,0.008112,0.008455,30123.81
DGBUSDTSWAP,1440,20250313,030000,0.008452,0.008685,0.007939,0.008124,18393.11
DGBUSDTSWAP,1440,20250314,030000,0.008124,0.00844,0.008026,0.008093,15414.87
DGBUSDTSWAP,1440,20250315,030000,0.008103,0.008488,0.008057,0.008317,9220.78
DGBUSDTSWAP,1440,20250316,030000,0.008317,0.00889,0.008149,0.008221,23947.63
DGBUSDTSWAP,1440,20250317,030000,0.008219,0.008423,0.00807,0.008299,14258.85
DGBUSDTSWAP,1440,20250318,030000,0.008297,0.008363,0.007832,0.008199,9622.29
DGBUSDTSWAP,1440,20250319,030000,0.008195,0.008448,0.007965,0.008382,11336.48
DGBUSDTSWAP,1440,20250320,030000,0.008376,0.008452,0.008107,0.008134,7314.55
DGBUSDTSWAP,1440,20250321,030000,0.008134,0.008248,0.007764,0.007794,7315.99
DGBUSDTSWAP,1440,20250322,030000,0.007793,0.008022,0.007767,0.007832,3867.31
DGBUSDTSWAP,1440,20250323,030000,0.00783,0.008333,0.007806,0.008159,7376.3
DGBUSDTSWAP,1440,20250324,030000,0.008157,0.009548,0.00788,0.009104,34357.59
DGBUSDTSWAP,1440,20250325,030000,0.009093,0.010253,0.008927,0.010081,67095.82
DGBUSDTSWAP,1440,20250326,030000,0.01008,0.012075,0.010047,0.010994,368670.78
DGBUSDTSWAP,1440,20250327,030000,0.010992,0.011645,0.010451,0.010555,119499.4
DGBUSDTSWAP,1440,20250328,030000,0.010557,0.01142,0.009729,0.010077,88392.71
DGBUSDTSWAP,1440,20250329,030000,0.010088,0.010464,0.008762,0.009049,65010.69
DGBUSDTSWAP,1440,20250330,030000,0.009038,0.009211,0.008406,0.008629,39525.84
DGBUSDTSWAP,1440,20250331,030000,0.008625,0.008935,0.008295,0.008535,21842.17
DGBUSDTSWAP,1440,20250401,030000,0.008536,0.008726,0.00827,0.008471,16533.16
DGBUSDTSWAP,1440,20250402,030000,0.008461,0.009196,0.00823,0.008567,23248.32
DGBUSDTSWAP,1440,20250403,030000,0.008571,0.01088,0.008545,0.010509,111972.81
DGBUSDTSWAP,1440,20250404,030000,0.010516,0.011246,0.01,0.010426,192931.84
DGBUSDTSWAP,1440,20250405,030000,0.010422,0.010448,0.009039,0.009168,105660.58
DGBUSDTSWAP,1440,20250406,030000,0.009163,0.009475,0.008666,0.009034,41610.37
DGBUSDTSWAP,1440,20250407,030000,0.009045,0.00978,0.008467,0.009316,59014.21
DGBUSDTSWAP,1440,20250408,030000,0.009319,0.010076,0.009268,0.009414,32436.33
DGBUSDTSWAP,1440,20250409,030000,0.009414,0.010419,0.008955,0.010108,31270.76
DGBUSDTSWAP,1440,20250410,030000,0.010104,0.010281,0.009335,0.00939,14657.53
DGBUSDTSWAP,1440,20250411,030000,0.009391,0.010201,0.009322,0.009815,13438.0
DGBUSDTSWAP,1440,20250412,030000,0.009804,0.010573,0.009674,0.009961,17022.49
DGBUSDTSWAP,1440,20250413,030000,0.009955,0.010383,0.009569,0.00974,15315.6
DGBUSDTSWAP,1440,20250414,030000,0.009744,0.010061,0.009415,0.009468,10580.29
DGBUSDTSWAP,1440,20250415,030000,0.009469,0.010169,0.009369,0.009963,10590.75
DGBUSDTSWAP,1440,20250416,030000,0.009964,0.010657,0.00983,0.010212,22083.51
DGBUSDTSWAP,1440,20250417,030000,0.010215,0.010355,0.009909,0.009964,11230.36
DGBUSDTSWAP,1440,20250418,030000,0.009963,0.010249,0.009564,0.010154,9670.45
DGBUSDTSWAP,1440,20250419,030000,0.010153,0.0104,0.009918,0.009927,8369.12
DGBUSDTSWAP,1440,20250420,030000,0.009939,0.010179,0.009727,0.009873,8178.79
DGBUSDTSWAP,1440,20250421,030000,0.009884,0.010207,0.009802,0.009941,8246.77
DGBUSDTSWAP,1440,20250422,030000,0.009937,0.010679,0.009773,0.010533,12458.63
DGBUSDTSWAP,1440,20250423,030000,0.010536,0.01092,0.010299,0.010498,11846.98
DGBUSDTSWAP,1440,20250424,030000,0.010498,0.0106,0.009833,0.010208,9927.06
DGBUSDTSWAP,1440,20250425,030000,0.010208,0.010486,0.010005,0.010131,7703.29
DGBUSDTSWAP,1440,20250426,030000,0.010132,0.010531,0.009967,0.010284,7889.49
DGBUSDTSWAP,1440,20250427,030000,0.010288,0.010329,0.009683,0.009718,6983.1
DGBUSDTSWAP,1440,20250428,030000,0.009719,0.00998,0.009652,0.00991,7958.6
DGBUSDTSWAP,1440,20250429,030000,0.009912,0.009944,0.009413,0.009526,8996.41
DGBUSDTSWAP,1440,20250430,030000,0.009519,0.009609,0.008875,0.009237,6354.26
DGBUSDTSWAP,1440,20250501,030000,0.009239,0.009739,0.009133,0.009549,5349.96
DGBUSDTSWAP,1440,20250502,030000,0.00955,0.009759,0.009208,0.009457,12654.03
DGBUSDTSWAP,1440,20250503,030000,0.009459,0.009547,0.00892,0.009019,3824.35
DGBUSDTSWAP,1440,20250504,030000,0.009019,0.009379,0.008956,0.009075,5716.53
DGBUSDTSWAP,1440,20250505,030000,0.009074,0.009125,0.008737,0.008922,5117.24
DGBUSDTSWAP,1440,20250506,030000,0.008924,0.00893,0.008352,0.008835,10133.62
DGBUSDTSWAP,1440,20250507,030000,0.008845,0.008958,0.008604,0.008831,7294.3
DGBUSDTSWAP,1440,20250508,030000,0.00883,0.009713,0.00881,0.009647,8040.26
DGBUSDTSWAP,1440,20250509,030000,0.009645,0.01028,0.009595,0.009908,11063.65
DGBUSDTSWAP,1440,20250510,030000,0.009907,0.010935,0.00972,0.010859,23530.43
DGBUSDTSWAP,1440,20250511,030000,0.010856,0.011467,0.010441,0.010725,8211.88
DGBUSDTSWAP,1440,20250512,030000,0.010728,0.011107,0.01006,0.010616,6535.2
DGBUSDTSWAP,1440,20250513,030000,0.010614,0.0125,0.010323,0.011839,67667.13
DGBUSDTSWAP,1440,20250514,030000,0.011824,0.011824,0.011345,0.011712,8257.15
DGBUSDTSWAP,1440,20250515,030000,0.011711,0.012008,0.010551,0.010845,14814.59
DGBUSDTSWAP,1440,20250516,030000,0.010847,0.011227,0.010534,0.010636,6228.13
DGBUSDTSWAP,1440,20250517,030000,0.010623,0.010658,0.010064,0.01026,7093.52
DGBUSDTSWAP,1440,20250518,030000,0.010255,0.010933,0.010049,0.010707,6781.46
DGBUSDTSWAP,1440,20250519,030000,0.010705,0.01092,0.009928,0.010158,12830.98
DGBUSDTSWAP,1440,20250520,030000,0.010157,0.010354,0.009824,0.010086,7385.0
DGBUSDTSWAP,1440,20250521,030000,0.010088,0.010359,0.009888,0.010235,8401.21
DGBUSDTSWAP,1440,20250522,030000,0.010237,0.01089,0.010237,0.01086,7642.52
DGBUSDTSWAP,1440,20250523,030000,0.010863,0.011179,0.010019,0.010085,13670.59
DGBUSDTSWAP,1440,20250524,030000,0.010077,0.010273,0.009988,0.010042,9602.97
DGBUSDTSWAP,1440,20250525,030000,0.010041,0.010109,0.009751,0.010079,5251.58
DGBUSDTSWAP,1440,20250526,030000,0.010081,0.010137,0.009704,0.01001,4735.55
DGBUSDTSWAP,1440,20250527,030000,0.010013,0.010087,0.009761,0.010014,5826.36
DGBUSDTSWAP,1440,20250528,030000,0.010015,0.010086,0.009691,0.009946,3955.26
DGBUSDTSWAP,1440,20250529,030000,0.009941,0.010009,0.00955,0.009594,4714.49
DGBUSDTSWAP,1440,20250530,030000,0.009591,0.009628,0.008568,0.008679,8739.54
DGBUSDTSWAP,1440,20250531,030000,0.008676,0.009273,0.008464,0.009135,8077.69
DGBUSDTSWAP,1440,20250601,030000,0.009136,0.009296,0.00882,0.009218,3755.01
DGBUSDTSWAP,1440,20250602,030000,0.009218,0.009396,0.008931,0.009362,3843.88
DGBUSDTSWAP,1440,20250603,030000,0.009364,0.009604,0.009197,0.009265,4421.55
DGBUSDTSWAP,1440,20250604,030000,0.009257,0.009416,0.008913,0.009031,2633.22