<TICKER>,<PER>,<DATE>,<TIME>,<OPEN>,<HIGH>,<LOW>,<CLOSE>,<VOL>
DOGSUSDTSWAP,1440,20250225,030000,0.0001479,0.0001613,0.0001385,0.0001586,31480.69
DOGSUSDTSWAP,1440,20250226,030000,0.0001587,0.0001693,0.0001575,0.0001678,15381.31
DOGSUSDTSWAP,1440,20250227,030000,0.0001679,0.0001793,0.0001649,0.0001722,13637.54
DOGSUSDTSWAP,1440,20250228,030000,0.0001722,0.000183,0.0001549,0.0001772,27477.8
DOGSUSDTSWAP,1440,20250301,030000,0.0001773,0.00018,0.0001635,0.0001689,11208.78
DOGSUSDTSWAP,1440,20250302,030000,0.0001689,0.0002008,0.0001647,0.000199,21477.21
DOGSUSDTSWAP,1440,20250303,030000,0.0001989,0.0002002,0.0001563,0.0001618,29410.59
DOGSUSDTSWAP,1440,20250304,030000,0.0001617,0.0001633,0.0001413,0.0001559,34850.97
DOGSUSDTSWAP,1440,20250305,030000,0.000156,0.0001603,0.0001503,0.0001575,14264.28
DOGSUSDTSWAP,1440,20250306,030000,0.0001574,0.0001589,0.0001449,0.0001494,12572.4
DOGSUSDTSWAP,1440,20250307,030000,0.0001494,0.000151,0.0001391,0.0001416,19945.93
DOGSUSDTSWAP,1440,20250308,030000,0.0001415,0.0001432,0.0001283,0.0001334,14413.73
DOGSUSDTSWAP,1440,20250309,030000,0.0001333,0.000134,0.0001181,0.0001242,18501.34
DOGSUSDTSWAP,1440,20250310,030000,0.0001241,0.0001353,0.0001161,0.0001186,16542.43
DOGSUSDTSWAP,1440,20250311,030000,0.0001187,0.0001287,0.0001079,0.0001246,22943.24
DOGSUSDTSWAP,1440,20250312,030000,0.0001246,0.0001316,0.0001204,0.0001293,12916.07
DOGSUSDTSWAP,1440,20250313,030000,0.0001292,0.0001328,0.0001241,0.0001286,10324.84
DOGSUSDTSWAP,1440,20250314,030000,0.0001286,0.0001399,0.0001282,0.0001336,9498.95
DOGSUSDTSWAP,1440,20250315,030000,0.0001336,0.0001528,0.0001314,0.0001482,23146.84
DOGSUSDTSWAP,1440,20250316,030000,0.0001481,0.0001552,0.0001387,0.0001389,26377.53
DOGSUSDTSWAP,1440,20250317,030000,0.0001389,0.0001463,0.0001388,0.0001428,15703.37
DOGSUSDTSWAP,1440,20250318,030000,0.0001427,0.0001459,0.0001362,0.0001449,17559.63
DOGSUSDTSWAP,1440,20250319,030000,0.0001449,0.0001469,0.0001385,0.0001456,16603.51
DOGSUSDTSWAP,1440,20250320,030000,0.0001456,0.0001493,0.0001388,0.0001446,15900.39
DOGSUSDTSWAP,1440,20250321,030000,0.0001445,0.0001616,0.0001444,0.0001551,40213.83
DOGSUSDTSWAP,1440,20250322,030000,0.000155,0.0001997,0.0001539,0.0001579,141508.94
DOGSUSDTSWAP,1440,20250323,030000,0.0001579,0.0001645,0.0001543,0.0001585,34166.68
DOGSUSDTSWAP,1440,20250324,030000,0.0001585,0.0001671,0.0001556,0.0001662,29976.66
DOGSUSDTSWAP,1440,20250325,030000,0.0001661,0.0001707,0.0001596,0.0001686,14820.12
DOGSUSDTSWAP,1440,20250326,030000,0.0001686,0.0001752,0.0001598,0.0001667,16316.06
DOGSUSDTSWAP,1440,20250327,030000,0.0001668,0.0001728,0.0001627,0.0001704,19076.02
DOGSUSDTSWAP,1440,20250328,030000,0.0001703,0.0001729,0.0001458,0.0001509,22979.05
DOGSUSDTSWAP,1440,20250329,030000,0.0001508,0.000152,0.0001298,0.0001313,18335.92
DOGSUSDTSWAP,1440,20250330,030000,0.0001314,0.0001431,0.0001286,0.0001408,43417.85
DOGSUSDTSWAP,1440,20250331,030000,0.0001409,0.0001466,0.0001323,0.0001433,37100.08
DOGSUSDTSWAP,1440,20250401,030000,0.0001433,0.0001494,0.0001374,0.0001387,31209.0
DOGSUSDTSWAP,1440,20250402,030000,0.0001387,0.0001432,0.0001287,0.0001323,31238.84
DOGSUSDTSWAP,1440,20250403,030000,0.0001323,0.0001372,0.0001222,0.0001277,16682.81
DOGSUSDTSWAP,1440,20250404,030000,0.0001278,0.0001325,0.0001253,0.0001293,13219.26
DOGSUSDTSWAP,1440,20250405,030000,0.0001294,0.0001307,0.0001237,0.0001267,7031.13
DOGSUSDTSWAP,1440,20250406,030000,0.0001266,0.0001266,0.0001059,0.0001093,15561.28
DOGSUSDTSWAP,1440,20250407,030000,0.0001093,0.00012,0.0001004,0.0001152,19461.41
DOGSUSDTSWAP,1440,20250408,030000,0.0001152,0.0001187,0.0001073,0.0001086,8480.97
DOGSUSDTSWAP,1440,20250409,030000,0.0001086,0.0001209,0.0001033,0.0001189,10036.47
DOGSUSDTSWAP,1440,20250410,030000,0.0001188,0.000119,0.0001129,0.0001161,7172.1
DOGSUSDTSWAP,1440,20250411,030000,0.000116,0.0001212,0.0001151,0.0001195,5638.55
DOGSUSDTSWAP,1440,20250412,030000,0.0001195,0.0001253,0.0001182,0.0001239,5106.19
DOGSUSDTSWAP,1440,20250413,030000,0.000124,0.0001242,0.0001097,0.0001113,6875.32
DOGSUSDTSWAP,1440,20250414,030000,0.0001112,0.0001167,0.0001069,0.0001098,8249.1
DOGSUSDTSWAP,1440,20250415,030000,0.0001098,0.0001136,0.000108,0.0001112,5361.78
DOGSUSDTSWAP,1440,20250416,030000,0.0001112,0.0001125,0.0001008,0.0001028,8597.13
DOGSUSDTSWAP,1440,20250417,030000,0.0001029,0.000106,0.0001003,0.0001039,7303.67
DOGSUSDTSWAP,1440,20250418,030000,0.000104,0.0001176,0.0001028,0.000113,8906.41
DOGSUSDTSWAP,1440,20250419,030000,0.0001129,0.0001175,0.0001116,0.0001157,3783.4
DOGSUSDTSWAP,1440,20250420,030000,0.0001157,0.0001226,0.0001151,0.0001199,5911.34
DOGSUSDTSWAP,1440,20250421,030000,0.0001198,0.0001281,0.0001167,0.0001198,8233.6
DOGSUSDTSWAP,1440,20250422,030000,0.0001198,0.0001313,0.0001161,0.0001308,4980.68
DOGSUSDTSWAP,1440,20250423,030000,0.0001308,0.0001533,0.0001299,0.0001497,12098.6
DOGSUSDTSWAP,1440,20250424,030000,0.0001496,0.000151,0.0001372,0.0001457,8764.48
DOGSUSDTSWAP,1440,20250425,030000,0.0001456,0.0001556,0.0001435,0.0001522,6736.27
DOGSUSDTSWAP,1440,20250426,030000,0.0001522,0.0001674,0.0001508,0.0001568,7856.36
DOGSUSDTSWAP,1440,20250427,030000,0.0001568,0.0001568,0.0001425,0.000144,4916.15
DOGSUSDTSWAP,1440,20250428,030000,0.0001441,0.0001553,0.0001392,0.000154,4272.71
DOGSUSDTSWAP,1440,20250429,030000,0.000154,0.0001567,0.0001471,0.0001497,3153.9
DOGSUSDTSWAP,1440,20250430,030000,0.0001495,0.0001641,0.0001474,0.0001631,9503.56
DOGSUSDTSWAP,1440,20250501,030000,0.0001631,0.0001978,0.0001606,0.0001753,22055.33
DOGSUSDTSWAP,1440,20250502,030000,0.0001754,0.0001801,0.0001601,0.0001639,8835.35
DOGSUSDTSWAP,1440,20250503,030000,0.0001639,0.0001648,0.0001438,0.0001466,5165.64
DOGSUSDTSWAP,1440,20250504,030000,0.0001466,0.0001483,0.0001357,0.0001415,3862.38
DOGSUSDTSWAP,1440,20250505,030000,0.0001415,0.0001467,0.000138,0.000142,3846.64
DOGSUSDTSWAP,1440,20250506,030000,0.0001421,0.0001442,0.0001274,0.0001363,4437.45
DOGSUSDTSWAP,1440,20250507,030000,0.0001364,0.0001409,0.000133,0.0001399,2934.86
DOGSUSDTSWAP,1440,20250508,030000,0.0001398,0.0001683,0.0001394,0.0001674,4823.9
DOGSUSDTSWAP,1440,20250509,030000,0.0001673,0.000229,0.0001666,0.0002076,20073.56
DOGSUSDTSWAP,1440,20250510,030000,0.0002076,0.0002448,0.0002058,0.0002294,41930.52
DOGSUSDTSWAP,1440,20250511,030000,0.0002294,0.0002354,0.000207,0.0002231,14678.52
DOGSUSDTSWAP,1440,20250512,030000,0.0002231,0.0002484,0.0002045,0.0002165,19851.96
DOGSUSDTSWAP,1440,20250513,030000,0.0002166,0.0002532,0.0001973,0.0002346,17952.41
DOGSUSDTSWAP,1440,20250514,030000,0.0002346,0.0002404,0.0002191,0.0002245,11205.12
DOGSUSDTSWAP,1440,20250515,030000,0.0002245,0.0002293,0.0001863,0.0001928,13664.19
DOGSUSDTSWAP,1440,20250516,030000,0.0001928,0.000196,0.0001783,0.0001811,8671.54
DOGSUSDTSWAP,1440,20250517,030000,0.0001812,0.0001819,0.0001671,0.0001738,6603.69
DOGSUSDTSWAP,1440,20250518,030000,0.0001737,0.0002041,0.0001734,0.000197,17085.6
DOGSUSDTSWAP,1440,20250519,030000,0.0001971,0.0001975,0.000176,0.0001881,7712.53
DOGSUSDTSWAP,1440,20250520,030000,0.0001881,0.0001918,0.0001767,0.0001885,8104.85
DOGSUSDTSWAP,1440,20250521,030000,0.0001885,0.0002032,0.0001827,0.0001962,7667.11
DOGSUSDTSWAP,1440,20250522,030000,0.0001964,0.0002117,0.0001961,0.0002099,5445.62
DOGSUSDTSWAP,1440,20250523,030000,0.0002099,0.0002194,0.0001816,0.0001832,7710.82
DOGSUSDTSWAP,1440,20250524,030000,0.0001832,0.0001936,0.0001817,0.0001871,3604.63
DOGSUSDTSWAP,1440,20250525,030000,0.0001872,0.0001883,0.0001714,0.0001866,5288.43
DOGSUSDTSWAP,1440,20250526,030000,0.0001866,0.0001924,0.0001795,0.000182,3901.67
DOGSUSDTSWAP,1440,20250527,030000,0.000182,0.0001932,0.0001755,0.0001883,4447.16
DOGSUSDTSWAP,1440,20250528,030000,0.0001884,0.0002076,0.0001824,0.0001924,16472.04
DOGSUSDTSWAP,1440,20250529,030000,0.0001925,0.0001957,0.0001763,0.000177,11147.61
DOGSUSDTSWAP,1440,20250530,030000,0.0001769,0.0001786,0.0001415,0.0001436,16757.74
DOGSUSDTSWAP,1440,20250531,030000,0.0001435,0.0001504,0.0001365,0.0001483,6253.85
DOGSUSDTSWAP,1440,20250601,030000,0.0001482,0.0001564,0.0001452,0.0001551,3334.79
DOGSUSDTSWAP,1440,20250602,030000,0.0001551,0.000157,0.000148,0.0001561,4282.84
DOGSUSDTSWAP,1440,20250603,030000,0.0001562,0.0001649,0.0001555,0.0001596,4131.82
DOGSUSDTSWAP,1440,20250604,030000,0.0001596,0.000162,0.0001541,0.0001559,2319.43