<TICKER>,<PER>,<DATE>,<TIME>,<OPEN>,<HIGH>,<LOW>,<CLOSE>,<VOL>
DOGUSDTSWAP,60,20250531,190000,0.004344,0.0045,0.004285,0.004414,180.48
DOGUSDTSWAP,60,20250531,200000,0.004417,0.004468,0.004391,0.004425,69.57
DOGUSDTSWAP,60,20250531,210000,0.004423,0.004569,0.004418,0.004567,202.45
DOGUSDTSWAP,60,20250531,220000,0.004568,0.004648,0.004564,0.004618,316.94
DOGUSDTSWAP,60,20250531,230000,0.004616,0.004704,0.004529,0.004686,200.83
DOGUSDTSWAP,60,20250601,000000,0.004686,0.004713,0.004589,0.004614,188.89
DOGUSDTSWAP,60,20250601,010000,0.004613,0.004705,0.004588,0.004675,117.53
DOGUSDTSWAP,60,20250601,020000,0.004672,0.004797,0.004637,0.00475,356.55
DOGUSDTSWAP,60,20250601,030000,0.004745,0.004825,0.004628,0.004787,352.4
DOGUSDTSWAP,60,20250601,040000,0.004784,0.004802,0.004648,0.004683,316.49
DOGUSDTSWAP,60,20250601,050000,0.004681,0.004767,0.004604,0.004727,509.94
DOGUSDTSWAP,60,20250601,060000,0.004728,0.004733,0.00465,0.004651,213.8
DOGUSDTSWAP,60,20250601,070000,0.004651,0.004731,0.0046,0.004694,317.29
DOGUSDTSWAP,60,20250601,080000,0.004691,0.004701,0.004667,0.004676,47.34
DOGUSDTSWAP,60,20250601,090000,0.004677,0.004688,0.004613,0.004624,74.02
DOGUSDTSWAP,60,20250601,100000,0.004624,0.004632,0.00455,0.004589,303.12
DOGUSDTSWAP,60,20250601,110000,0.004585,0.004589,0.0045,0.004507,160.06
DOGUSDTSWAP,60,20250601,120000,0.004509,0.004556,0.004337,0.004377,453.2
DOGUSDTSWAP,60,20250601,130000,0.004377,0.004476,0.004355,0.004422,154.1
DOGUSDTSWAP,60,20250601,140000,0.004422,0.004467,0.004401,0.004428,79.76
DOGUSDTSWAP,60,20250601,150000,0.004431,0.004436,0.004347,0.004368,71.84
DOGUSDTSWAP,60,20250601,160000,0.004364,0.004506,0.004362,0.004484,87.67
DOGUSDTSWAP,60,20250601,170000,0.004485,0.00459,0.004485,0.004555,90.09
DOGUSDTSWAP,60,20250601,180000,0.004552,0.004611,0.004538,0.00455,68.61
DOGUSDTSWAP,60,20250601,190000,0.004547,0.004729,0.004505,0.004591,224.74
DOGUSDTSWAP,60,20250601,200000,0.004593,0.00462,0.004509,0.004588,107.28
DOGUSDTSWAP,60,20250601,210000,0.004588,0.00466,0.004537,0.004636,225.84
DOGUSDTSWAP,60,20250601,220000,0.004641,0.004642,0.004553,0.004602,188.15
DOGUSDTSWAP,60,20250601,230000,0.004603,0.004665,0.00455,0.004636,94.08
DOGUSDTSWAP,60,20250602,000000,0.004635,0.004709,0.004632,0.00467,31.45
DOGUSDTSWAP,60,20250602,010000,0.004666,0.004716,0.004651,0.004715,53.19
DOGUSDTSWAP,60,20250602,020000,0.004713,0.00476,0.004681,0.004711,60.49
DOGUSDTSWAP,60,20250602,030000,0.00471,0.004717,0.00467,0.004706,47.15
DOGUSDTSWAP,60,20250602,040000,0.004707,0.004768,0.004683,0.004695,44.33
DOGUSDTSWAP,60,20250602,050000,0.004693,0.0047,0.004557,0.004568,138.96
DOGUSDTSWAP,60,20250602,060000,0.00457,0.004577,0.004506,0.004542,90.53
DOGUSDTSWAP,60,20250602,070000,0.004539,0.004566,0.004452,0.004466,321.48
DOGUSDTSWAP,60,20250602,080000,0.004466,0.00453,0.004459,0.004521,60.21
DOGUSDTSWAP,60,20250602,090000,0.004523,0.004588,0.004498,0.004554,63.69
DOGUSDTSWAP,60,20250602,100000,0.004556,0.004592,0.00449,0.004509,75.47
DOGUSDTSWAP,60,20250602,110000,0.004507,0.004558,0.004465,0.004476,47.66
DOGUSDTSWAP,60,20250602,120000,0.004479,0.004511,0.004455,0.004463,68.39
DOGUSDTSWAP,60,20250602,130000,0.004461,0.00447,0.004407,0.004439,81.84
DOGUSDTSWAP,60,20250602,140000,0.004441,0.004509,0.004388,0.004435,179.21
DOGUSDTSWAP,60,20250602,150000,0.004439,0.004501,0.004402,0.004501,87.37
DOGUSDTSWAP,60,20250602,160000,0.004502,0.004567,0.004448,0.004466,101.21
DOGUSDTSWAP,60,20250602,170000,0.004465,0.00456,0.004426,0.004508,108.89
DOGUSDTSWAP,60,20250602,180000,0.004511,0.004538,0.004457,0.004486,89.01
DOGUSDTSWAP,60,20250602,190000,0.004484,0.004492,0.004413,0.004443,56.83
DOGUSDTSWAP,60,20250602,200000,0.004445,0.0045,0.004431,0.004486,31.32
DOGUSDTSWAP,60,20250602,210000,0.004484,0.004553,0.004412,0.00444,95.98
DOGUSDTSWAP,60,20250602,220000,0.004436,0.004455,0.004362,0.004396,50.24
DOGUSDTSWAP,60,20250602,230000,0.004401,0.004545,0.0044,0.004526,72.74
DOGUSDTSWAP,60,20250603,000000,0.004526,0.004583,0.004499,0.004548,128.87
DOGUSDTSWAP,60,20250603,010000,0.004548,0.004612,0.004546,0.004584,96.98
DOGUSDTSWAP,60,20250603,020000,0.004587,0.00463,0.004569,0.004611,61.29
DOGUSDTSWAP,60,20250603,030000,0.004611,0.00469,0.00458,0.004668,124.69
DOGUSDTSWAP,60,20250603,040000,0.004668,0.004723,0.004647,0.00471,65.63
DOGUSDTSWAP,60,20250603,050000,0.004713,0.004738,0.004614,0.004614,260.61
DOGUSDTSWAP,60,20250603,060000,0.004614,0.004688,0.004555,0.004638,116.13
DOGUSDTSWAP,60,20250603,070000,0.004641,0.004691,0.004606,0.004622,63.4
DOGUSDTSWAP,60,20250603,080000,0.004625,0.004684,0.004585,0.004673,152.38
DOGUSDTSWAP,60,20250603,090000,0.004673,0.004693,0.004615,0.004689,117.78
DOGUSDTSWAP,60,20250603,100000,0.004688,0.004708,0.00461,0.004616,53.59
DOGUSDTSWAP,60,20250603,110000,0.004616,0.004669,0.004586,0.004625,51.27
DOGUSDTSWAP,60,20250603,120000,0.004621,0.004682,0.004605,0.004676,25.04
DOGUSDTSWAP,60,20250603,130000,0.004678,0.004696,0.004651,0.004673,62.98
DOGUSDTSWAP,60,20250603,140000,0.004676,0.00471,0.004651,0.004662,49.42
DOGUSDTSWAP,60,20250603,150000,0.004667,0.004698,0.004647,0.004676,41.84
DOGUSDTSWAP,60,20250603,160000,0.004673,0.004737,0.004661,0.004684,74.38
DOGUSDTSWAP,60,20250603,170000,0.004683,0.004768,0.00462,0.004765,148.44
DOGUSDTSWAP,60,20250603,180000,0.004762,0.004776,0.004705,0.004732,106.75
DOGUSDTSWAP,60,20250603,190000,0.004732,0.004748,0.004645,0.004647,94.57
DOGUSDTSWAP,60,20250603,200000,0.004645,0.004734,0.004637,0.004723,93.58
DOGUSDTSWAP,60,20250603,210000,0.004723,0.004723,0.004656,0.004673,53.96
DOGUSDTSWAP,60,20250603,220000,0.004674,0.004712,0.004659,0.004679,64.93
DOGUSDTSWAP,60,20250603,230000,0.00468,0.004694,0.004587,0.004618,116.54
DOGUSDTSWAP,60,20250604,000000,0.004624,0.004718,0.004571,0.004713,177.23
DOGUSDTSWAP,60,20250604,010000,0.004709,0.004761,0.004649,0.0047,157.26
DOGUSDTSWAP,60,20250604,020000,0.004708,0.00475,0.004666,0.004683,54.07
DOGUSDTSWAP,60,20250604,030000,0.004683,0.004703,0.004649,0.004699,58.89
DOGUSDTSWAP,60,20250604,040000,0.004697,0.004739,0.00468,0.004695,73.73
DOGUSDTSWAP,60,20250604,050000,0.004697,0.004711,0.004667,0.004667,25.76
DOGUSDTSWAP,60,20250604,060000,0.004671,0.004765,0.004668,0.004711,290.25
DOGUSDTSWAP,60,20250604,070000,0.004711,0.00475,0.00471,0.004734,48.89
DOGUSDTSWAP,60,20250604,080000,0.004737,0.004949,0.004733,0.004935,335.3
DOGUSDTSWAP,60,20250604,090000,0.004936,0.004993,0.004844,0.004939,325.2
DOGUSDTSWAP,60,20250604,100000,0.00494,0.004945,0.004854,0.004924,94.95
DOGUSDTSWAP,60,20250604,110000,0.004925,0.004983,0.004899,0.004923,96.91
DOGUSDTSWAP,60,20250604,120000,0.004929,0.005083,0.004905,0.005056,259.99
DOGUSDTSWAP,60,20250604,130000,0.005053,0.00506,0.004957,0.00497,166.77
DOGUSDTSWAP,60,20250604,140000,0.004968,0.005034,0.0049,0.004943,325.05
DOGUSDTSWAP,60,20250604,150000,0.004945,0.004947,0.004664,0.004681,634.08
DOGUSDTSWAP,60,20250604,160000,0.004687,0.004787,0.004615,0.004706,270.34
DOGUSDTSWAP,60,20250604,170000,0.004707,0.004801,0.004667,0.004793,120.73
DOGUSDTSWAP,60,20250604,180000,0.004791,0.004852,0.004737,0.004815,162.15
DOGUSDTSWAP,60,20250604,190000,0.004817,0.004948,0.004782,0.004862,283.8
DOGUSDTSWAP,60,20250604,200000,0.004862,0.004895,0.004783,0.004883,126.93
DOGUSDTSWAP,60,20250604,210000,0.004887,0.004966,0.004789,0.004814,159.22
DOGUSDTSWAP,60,20250604,220000,0.004814,0.004833,0.004765,0.004823,51.08