<TICKER>,<PER>,<DATE>,<TIME>,<OPEN>,<HIGH>,<LOW>,<CLOSE>,<VOL>
DOGUSDTSWAP,1440,20250225,030000,0.002238,0.002387,0.002076,0.002301,3431.89
DOGUSDTSWAP,1440,20250226,030000,0.002301,0.002402,0.002171,0.002322,1635.3
DOGUSDTSWAP,1440,20250227,030000,0.00232,0.002457,0.002263,0.002363,1332.32
DOGUSDTSWAP,1440,20250228,030000,0.002363,0.002368,0.002005,0.002121,3095.23
DOGUSDTSWAP,1440,20250301,030000,0.002122,0.002175,0.001821,0.001825,4029.06
DOGUSDTSWAP,1440,20250302,030000,0.001823,0.002254,0.001761,0.002239,3898.85
DOGUSDTSWAP,1440,20250303,030000,0.002239,0.002281,0.001864,0.001904,3681.42
DOGUSDTSWAP,1440,20250304,030000,0.001903,0.001926,0.001698,0.001874,3113.27
DOGUSDTSWAP,1440,20250305,030000,0.001873,0.002058,0.001833,0.001965,1504.28
DOGUSDTSWAP,1440,20250306,030000,0.001964,0.002043,0.001796,0.001838,2291.93
DOGUSDTSWAP,1440,20250307,030000,0.001839,0.001963,0.001735,0.001876,2050.53
DOGUSDTSWAP,1440,20250308,030000,0.001875,0.002038,0.001864,0.002028,2003.84
DOGUSDTSWAP,1440,20250309,030000,0.002027,0.002076,0.00183,0.001847,1663.86
DOGUSDTSWAP,1440,20250310,030000,0.001849,0.001949,0.001727,0.001755,1469.54
DOGUSDTSWAP,1440,20250311,030000,0.001756,0.001815,0.001491,0.001758,3276.07
DOGUSDTSWAP,1440,20250312,030000,0.001759,0.001896,0.001752,0.00182,1514.52
DOGUSDTSWAP,1440,20250313,030000,0.001819,0.001875,0.001736,0.001791,957.42
DOGUSDTSWAP,1440,20250314,030000,0.00179,0.001926,0.001773,0.001872,925.46
DOGUSDTSWAP,1440,20250315,030000,0.001873,0.002099,0.001867,0.00207,714.88
DOGUSDTSWAP,1440,20250316,030000,0.002073,0.002086,0.001893,0.001933,958.94
DOGUSDTSWAP,1440,20250317,030000,0.001932,0.002083,0.001904,0.002035,895.07
DOGUSDTSWAP,1440,20250318,030000,0.002037,0.002043,0.001855,0.001897,793.72
DOGUSDTSWAP,1440,20250319,030000,0.001896,0.001999,0.001869,0.001988,989.03
DOGUSDTSWAP,1440,20250320,030000,0.001988,0.002004,0.001911,0.001963,883.64
DOGUSDTSWAP,1440,20250321,030000,0.001962,0.001992,0.001875,0.001932,771.15
DOGUSDTSWAP,1440,20250322,030000,0.001933,0.001986,0.001867,0.001876,691.95
DOGUSDTSWAP,1440,20250323,030000,0.001874,0.001945,0.001859,0.001904,657.09
DOGUSDTSWAP,1440,20250324,030000,0.001906,0.002034,0.001864,0.00195,1228.31
DOGUSDTSWAP,1440,20250325,030000,0.001949,0.001985,0.001856,0.001951,1346.96
DOGUSDTSWAP,1440,20250326,030000,0.001953,0.001993,0.001805,0.001847,1654.5
DOGUSDTSWAP,1440,20250327,030000,0.00185,0.001937,0.001741,0.00191,1699.25
DOGUSDTSWAP,1440,20250328,030000,0.001911,0.001945,0.001672,0.0018,1868.82
DOGUSDTSWAP,1440,20250329,030000,0.0018,0.001803,0.001568,0.001637,1544.34
DOGUSDTSWAP,1440,20250330,030000,0.001638,0.001671,0.001586,0.001624,639.85
DOGUSDTSWAP,1440,20250331,030000,0.001625,0.001686,0.001583,0.001664,1146.13
DOGUSDTSWAP,1440,20250401,030000,0.001666,0.001708,0.001617,0.001637,1104.64
DOGUSDTSWAP,1440,20250402,030000,0.001636,0.001659,0.001503,0.001511,1173.27
DOGUSDTSWAP,1440,20250403,030000,0.00151,0.001558,0.001306,0.001395,1960.59
DOGUSDTSWAP,1440,20250404,030000,0.001394,0.001437,0.001318,0.001376,997.98
DOGUSDTSWAP,1440,20250405,030000,0.001375,0.001433,0.001338,0.001392,553.01
DOGUSDTSWAP,1440,20250406,030000,0.001393,0.00142,0.00118,0.001213,948.62
DOGUSDTSWAP,1440,20250407,030000,0.001215,0.00125,0.000988,0.001208,4353.15
DOGUSDTSWAP,1440,20250408,030000,0.001207,0.001258,0.001111,0.001124,845.61
DOGUSDTSWAP,1440,20250409,030000,0.001123,0.001468,0.001084,0.001407,1512.59
DOGUSDTSWAP,1440,20250410,030000,0.001404,0.001433,0.001346,0.001372,1165.89
DOGUSDTSWAP,1440,20250411,030000,0.00137,0.00152,0.001364,0.001503,595.83
DOGUSDTSWAP,1440,20250412,030000,0.001504,0.001593,0.001404,0.00156,1282.07
DOGUSDTSWAP,1440,20250413,030000,0.001559,0.001589,0.001452,0.001466,715.31
DOGUSDTSWAP,1440,20250414,030000,0.001468,0.001545,0.00143,0.001468,707.65
DOGUSDTSWAP,1440,20250415,030000,0.001469,0.001513,0.001406,0.00143,515.4
DOGUSDTSWAP,1440,20250416,030000,0.00143,0.001485,0.001389,0.001418,601.74
DOGUSDTSWAP,1440,20250417,030000,0.001418,0.001466,0.001404,0.001444,436.5
DOGUSDTSWAP,1440,20250418,030000,0.001446,0.001539,0.00144,0.001537,621.26
DOGUSDTSWAP,1440,20250419,030000,0.001538,0.001559,0.001508,0.001546,259.26
DOGUSDTSWAP,1440,20250420,030000,0.001547,0.001551,0.001472,0.001513,364.37
DOGUSDTSWAP,1440,20250421,030000,0.001512,0.001578,0.001466,0.001481,362.19
DOGUSDTSWAP,1440,20250422,030000,0.001479,0.001551,0.001458,0.001547,515.48
DOGUSDTSWAP,1440,20250423,030000,0.001546,0.001844,0.001535,0.001819,1514.06
DOGUSDTSWAP,1440,20250424,030000,0.001819,0.001951,0.001719,0.001948,1486.48
DOGUSDTSWAP,1440,20250425,030000,0.001948,0.002079,0.00186,0.002034,1174.6
DOGUSDTSWAP,1440,20250426,030000,0.002034,0.002851,0.002006,0.002768,18164.3
DOGUSDTSWAP,1440,20250427,030000,0.002763,0.002769,0.002283,0.002485,7788.63
DOGUSDTSWAP,1440,20250428,030000,0.002485,0.002768,0.002359,0.002648,3685.41
DOGUSDTSWAP,1440,20250429,030000,0.00265,0.002989,0.002632,0.002815,4506.07
DOGUSDTSWAP,1440,20250430,030000,0.002815,0.002881,0.002527,0.00272,2022.21
DOGUSDTSWAP,1440,20250501,030000,0.002721,0.003042,0.002713,0.002869,2686.78
DOGUSDTSWAP,1440,20250502,030000,0.002869,0.003066,0.00286,0.003013,1854.09
DOGUSDTSWAP,1440,20250503,030000,0.003012,0.003027,0.002694,0.002751,1383.67
DOGUSDTSWAP,1440,20250504,030000,0.00275,0.002838,0.002667,0.002673,1116.7
DOGUSDTSWAP,1440,20250505,030000,0.002674,0.002861,0.002582,0.002686,1421.11
DOGUSDTSWAP,1440,20250506,030000,0.002691,0.00283,0.002451,0.002802,1793.36
DOGUSDTSWAP,1440,20250507,030000,0.002802,0.00291,0.002689,0.002826,2236.72
DOGUSDTSWAP,1440,20250508,030000,0.002831,0.003195,0.002799,0.003144,1947.18
DOGUSDTSWAP,1440,20250509,030000,0.003142,0.003519,0.003076,0.003439,2447.34
DOGUSDTSWAP,1440,20250510,030000,0.003439,0.004018,0.003431,0.003972,3754.29
DOGUSDTSWAP,1440,20250511,030000,0.003969,0.004047,0.003456,0.003735,3351.15
DOGUSDTSWAP,1440,20250512,030000,0.003734,0.004026,0.003513,0.003687,2878.58
DOGUSDTSWAP,1440,20250513,030000,0.003691,0.003938,0.003377,0.003789,1976.25
DOGUSDTSWAP,1440,20250514,030000,0.003788,0.003888,0.00361,0.003687,1680.25
DOGUSDTSWAP,1440,20250515,030000,0.00369,0.003742,0.003384,0.003536,1831.87
DOGUSDTSWAP,1440,20250516,030000,0.003534,0.003626,0.003217,0.003245,1512.67
DOGUSDTSWAP,1440,20250517,030000,0.003245,0.00326,0.003088,0.003224,1521.68
DOGUSDTSWAP,1440,20250518,030000,0.003223,0.003727,0.003201,0.00365,2538.02
DOGUSDTSWAP,1440,20250519,030000,0.003647,0.003708,0.003373,0.003584,1838.84
DOGUSDTSWAP,1440,20250520,030000,0.003586,0.003741,0.003444,0.003652,1247.09
DOGUSDTSWAP,1440,20250521,030000,0.003652,0.004509,0.003548,0.004404,5027.07
DOGUSDTSWAP,1440,20250522,030000,0.004404,0.005659,0.004345,0.005619,12667.48
DOGUSDTSWAP,1440,20250523,030000,0.005619,0.005667,0.004686,0.004815,13527.65
DOGUSDTSWAP,1440,20250524,030000,0.004811,0.005343,0.004713,0.004983,5386.97
DOGUSDTSWAP,1440,20250525,030000,0.004982,0.005508,0.00474,0.005426,6159.71
DOGUSDTSWAP,1440,20250526,030000,0.00543,0.005592,0.005035,0.005382,8363.8
DOGUSDTSWAP,1440,20250527,030000,0.005384,0.0056,0.005067,0.005318,5873.96
DOGUSDTSWAP,1440,20250528,030000,0.005319,0.005434,0.005078,0.005244,3855.39
DOGUSDTSWAP,1440,20250529,030000,0.005245,0.005396,0.004778,0.004889,3894.49
DOGUSDTSWAP,1440,20250530,030000,0.004888,0.004924,0.004028,0.00404,5315.59
DOGUSDTSWAP,1440,20250531,030000,0.004041,0.004797,0.003948,0.00475,4289.99
DOGUSDTSWAP,1440,20250601,030000,0.004745,0.004825,0.004337,0.004711,4405.24
DOGUSDTSWAP,1440,20250602,030000,0.00471,0.004768,0.004362,0.004611,2292.65
DOGUSDTSWAP,1440,20250603,030000,0.004611,0.004776,0.004555,0.004683,2295.91
DOGUSDTSWAP,1440,20250604,030000,0.004683,0.005083,0.004615,0.004826,3777.5