<TICKER>,<PER>,<DATE>,<TIME>,<OPEN>,<HIGH>,<LOW>,<CLOSE>,<VOL>
DOODUSDTSWAP,3,20250604,172700,0.003222,0.003222,0.003215,0.003217,2.47
DOODUSDTSWAP,3,20250604,173000,0.003218,0.003219,0.003213,0.003218,3.2
DOODUSDTSWAP,3,20250604,173300,0.003219,0.003229,0.003217,0.003222,10.84
DOODUSDTSWAP,3,20250604,173600,0.00322,0.003222,0.003215,0.003216,3.75
DOODUSDTSWAP,3,20250604,173900,0.003216,0.003222,0.003214,0.003221,2.29
DOODUSDTSWAP,3,20250604,174200,0.00322,0.003223,0.003213,0.00322,5.4
DOODUSDTSWAP,3,20250604,174500,0.003221,0.003226,0.003216,0.003226,3.01
DOODUSDTSWAP,3,20250604,174800,0.003226,0.00324,0.003226,0.003231,30.74
DOODUSDTSWAP,3,20250604,175100,0.00323,0.003241,0.00323,0.003241,3.81
DOODUSDTSWAP,3,20250604,175400,0.003241,0.003261,0.00324,0.003255,29.62
DOODUSDTSWAP,3,20250604,175700,0.003255,0.003268,0.003254,0.003264,12.84
DOODUSDTSWAP,3,20250604,180000,0.003265,0.003271,0.003258,0.003264,40.32
DOODUSDTSWAP,3,20250604,180300,0.003264,0.003267,0.003255,0.003262,9.87
DOODUSDTSWAP,3,20250604,180600,0.003262,0.003285,0.003262,0.003272,43.93
DOODUSDTSWAP,3,20250604,180900,0.003273,0.003288,0.003272,0.003283,28.92
DOODUSDTSWAP,3,20250604,181200,0.003282,0.003282,0.003274,0.003279,9.91
DOODUSDTSWAP,3,20250604,181500,0.00328,0.003301,0.00328,0.003301,24.34
DOODUSDTSWAP,3,20250604,181800,0.003297,0.003298,0.003292,0.003292,7.93
DOODUSDTSWAP,3,20250604,182100,0.003291,0.003303,0.003289,0.0033,5.9
DOODUSDTSWAP,3,20250604,182400,0.0033,0.003302,0.003284,0.003284,19.92
DOODUSDTSWAP,3,20250604,182700,0.003286,0.003291,0.003272,0.003276,11.71
DOODUSDTSWAP,3,20250604,183000,0.003276,0.003276,0.00326,0.00327,10.17
DOODUSDTSWAP,3,20250604,183300,0.003271,0.003273,0.003258,0.003261,6.7
DOODUSDTSWAP,3,20250604,183600,0.003262,0.003276,0.003261,0.003272,11.56
DOODUSDTSWAP,3,20250604,183900,0.003271,0.003276,0.00327,0.003272,4.15
DOODUSDTSWAP,3,20250604,184200,0.003273,0.003273,0.003266,0.003267,6.56
DOODUSDTSWAP,3,20250604,184500,0.003267,0.003271,0.00326,0.003261,11.91
DOODUSDTSWAP,3,20250604,184800,0.003261,0.003263,0.003252,0.003256,7.55
DOODUSDTSWAP,3,20250604,185100,0.003256,0.003268,0.003253,0.003263,3.2
DOODUSDTSWAP,3,20250604,185400,0.003263,0.003273,0.003259,0.003268,9.73
DOODUSDTSWAP,3,20250604,185700,0.003268,0.003268,0.003257,0.003264,5.29
DOODUSDTSWAP,3,20250604,190000,0.003266,0.003266,0.003256,0.003261,3.61
DOODUSDTSWAP,3,20250604,190300,0.003261,0.003261,0.003252,0.003252,2.26
DOODUSDTSWAP,3,20250604,190600,0.003252,0.003255,0.00325,0.003252,4.95
DOODUSDTSWAP,3,20250604,190900,0.003252,0.003263,0.003252,0.003263,6.36
DOODUSDTSWAP,3,20250604,191200,0.003264,0.003265,0.003257,0.003264,3.66
DOODUSDTSWAP,3,20250604,191500,0.003263,0.003264,0.003251,0.003254,3.74
DOODUSDTSWAP,3,20250604,191800,0.003255,0.003258,0.003251,0.003258,1.97
DOODUSDTSWAP,3,20250604,192100,0.003258,0.00326,0.003252,0.003254,4.4
DOODUSDTSWAP,3,20250604,192400,0.003253,0.003257,0.003251,0.003253,5.59
DOODUSDTSWAP,3,20250604,192700,0.003253,0.003255,0.003253,0.003253,1.43
DOODUSDTSWAP,3,20250604,193000,0.003252,0.003254,0.00325,0.003252,3.04
DOODUSDTSWAP,3,20250604,193300,0.003253,0.003256,0.003251,0.003254,3.89
DOODUSDTSWAP,3,20250604,193600,0.003256,0.00326,0.003251,0.003251,5.2
DOODUSDTSWAP,3,20250604,193900,0.003252,0.003261,0.003252,0.003258,5.08
DOODUSDTSWAP,3,20250604,194200,0.003257,0.003257,0.00325,0.003252,3.28
DOODUSDTSWAP,3,20250604,194500,0.003253,0.003257,0.00325,0.003256,1.5
DOODUSDTSWAP,3,20250604,194800,0.003256,0.003256,0.003248,0.003255,2.37
DOODUSDTSWAP,3,20250604,195100,0.003254,0.00327,0.003253,0.003267,5.78
DOODUSDTSWAP,3,20250604,195400,0.003267,0.003275,0.003267,0.003271,4.69
DOODUSDTSWAP,3,20250604,195700,0.003271,0.003275,0.00327,0.003272,3.1
DOODUSDTSWAP,3,20250604,200000,0.003272,0.003283,0.003267,0.003271,15.43
DOODUSDTSWAP,3,20250604,200300,0.003271,0.003275,0.003267,0.003272,2.39
DOODUSDTSWAP,3,20250604,200600,0.003273,0.003279,0.003272,0.003276,1.22
DOODUSDTSWAP,3,20250604,200900,0.003274,0.003274,0.003263,0.003266,2.4
DOODUSDTSWAP,3,20250604,201200,0.003266,0.003273,0.003262,0.003263,2.32
DOODUSDTSWAP,3,20250604,201500,0.003262,0.003262,0.003233,0.003241,21.4
DOODUSDTSWAP,3,20250604,201800,0.003241,0.003247,0.003237,0.003243,1.95
DOODUSDTSWAP,3,20250604,202100,0.003243,0.003244,0.003234,0.003234,2.45
DOODUSDTSWAP,3,20250604,202400,0.003234,0.003237,0.003216,0.003225,16.23
DOODUSDTSWAP,3,20250604,202700,0.003227,0.00323,0.003225,0.003225,2.36
DOODUSDTSWAP,3,20250604,203000,0.003224,0.003225,0.003206,0.00321,11.88
DOODUSDTSWAP,3,20250604,203300,0.00321,0.003211,0.003186,0.003196,57.93
DOODUSDTSWAP,3,20250604,203600,0.003196,0.003199,0.003186,0.003196,8.55
DOODUSDTSWAP,3,20250604,203900,0.003197,0.0032,0.003191,0.003197,8.29
DOODUSDTSWAP,3,20250604,204200,0.003196,0.003196,0.00319,0.003194,5.21
DOODUSDTSWAP,3,20250604,204500,0.003193,0.003197,0.003192,0.003194,7.01
DOODUSDTSWAP,3,20250604,204800,0.003193,0.003206,0.003184,0.003197,8.75
DOODUSDTSWAP,3,20250604,205100,0.003196,0.003205,0.003194,0.003205,4.28
DOODUSDTSWAP,3,20250604,205400,0.003206,0.003209,0.003206,0.003208,3.11
DOODUSDTSWAP,3,20250604,205700,0.003209,0.003211,0.003206,0.003209,1.91
DOODUSDTSWAP,3,20250604,210000,0.003209,0.00322,0.003209,0.003217,4.22
DOODUSDTSWAP,3,20250604,210300,0.003217,0.003223,0.003217,0.00322,2.56
DOODUSDTSWAP,3,20250604,210600,0.00322,0.003221,0.003208,0.003211,2.56
DOODUSDTSWAP,3,20250604,210900,0.003211,0.003243,0.003209,0.00324,10.73
DOODUSDTSWAP,3,20250604,211200,0.003242,0.003245,0.003236,0.003239,8.03
DOODUSDTSWAP,3,20250604,211500,0.003238,0.003241,0.003221,0.003228,5.67
DOODUSDTSWAP,3,20250604,211800,0.003226,0.003236,0.003226,0.003232,2.87
DOODUSDTSWAP,3,20250604,212100,0.003232,0.003233,0.003229,0.003233,0.88
DOODUSDTSWAP,3,20250604,212400,0.003232,0.003237,0.003232,0.003234,0.71
DOODUSDTSWAP,3,20250604,212700,0.003234,0.003235,0.00323,0.003234,2.87
DOODUSDTSWAP,3,20250604,213000,0.003235,0.003242,0.003234,0.003241,5.34
DOODUSDTSWAP,3,20250604,213300,0.00324,0.00324,0.003235,0.003235,2.13
DOODUSDTSWAP,3,20250604,213600,0.003237,0.003238,0.003234,0.003236,2.61
DOODUSDTSWAP,3,20250604,213900,0.003236,0.003237,0.003229,0.003229,0.87
DOODUSDTSWAP,3,20250604,214200,0.003228,0.003232,0.003224,0.003228,7.58
DOODUSDTSWAP,3,20250604,214500,0.003229,0.00323,0.003226,0.003227,1.07
DOODUSDTSWAP,3,20250604,214800,0.003227,0.00323,0.003217,0.003219,1.89
DOODUSDTSWAP,3,20250604,215100,0.003218,0.003219,0.003213,0.003216,6.7
DOODUSDTSWAP,3,20250604,215400,0.003216,0.003216,0.003196,0.003205,8.98
DOODUSDTSWAP,3,20250604,215700,0.003205,0.003207,0.003203,0.003207,1.06
DOODUSDTSWAP,3,20250604,220000,0.003206,0.003207,0.003201,0.003205,3.61
DOODUSDTSWAP,3,20250604,220300,0.003204,0.003212,0.003203,0.003209,0.73
DOODUSDTSWAP,3,20250604,220600,0.00321,0.00321,0.003199,0.003202,0.65
DOODUSDTSWAP,3,20250604,220900,0.003203,0.003203,0.003197,0.0032,1.49
DOODUSDTSWAP,3,20250604,221200,0.003201,0.003204,0.0032,0.003203,2.42
DOODUSDTSWAP,3,20250604,221500,0.003202,0.003203,0.003199,0.003202,1.76
DOODUSDTSWAP,3,20250604,221800,0.003203,0.003211,0.003203,0.003208,1.7
DOODUSDTSWAP,3,20250604,222100,0.003208,0.003218,0.003208,0.003215,2.34
DOODUSDTSWAP,3,20250604,222400,0.003215,0.003215,0.003211,0.003211,0.23