<TICKER>,<PER>,<DATE>,<TIME>,<OPEN>,<HIGH>,<LOW>,<CLOSE>,<VOL>
DYDXUSDTSWAP,60,20250531,190000,0.5364,0.546,0.5343,0.5439,826312.94
DYDXUSDTSWAP,60,20250531,200000,0.5439,0.5461,0.5407,0.5414,844902.96
DYDXUSDTSWAP,60,20250531,210000,0.5416,0.5503,0.5408,0.5499,455415.73
DYDXUSDTSWAP,60,20250531,220000,0.5498,0.5517,0.5471,0.5482,418452.23
DYDXUSDTSWAP,60,20250531,230000,0.5481,0.5512,0.5463,0.5508,387682.64
DYDXUSDTSWAP,60,20250601,000000,0.5507,0.5536,0.5484,0.551,433850.27
DYDXUSDTSWAP,60,20250601,010000,0.5511,0.5518,0.5479,0.5479,269620.72
DYDXUSDTSWAP,60,20250601,020000,0.5478,0.5526,0.5463,0.5488,327519.76
DYDXUSDTSWAP,60,20250601,030000,0.5487,0.549,0.5435,0.5471,635973.48
DYDXUSDTSWAP,60,20250601,040000,0.547,0.5511,0.542,0.5433,595641.98
DYDXUSDTSWAP,60,20250601,050000,0.5432,0.546,0.5388,0.5452,631620.47
DYDXUSDTSWAP,60,20250601,060000,0.5454,0.5475,0.5406,0.5456,422286.86
DYDXUSDTSWAP,60,20250601,070000,0.5455,0.5514,0.5433,0.5506,455372.49
DYDXUSDTSWAP,60,20250601,080000,0.5507,0.5526,0.5482,0.55,402748.39
DYDXUSDTSWAP,60,20250601,090000,0.55,0.5524,0.5481,0.5488,411009.5
DYDXUSDTSWAP,60,20250601,100000,0.5487,0.5525,0.5451,0.5523,823368.25
DYDXUSDTSWAP,60,20250601,110000,0.5522,0.5541,0.5472,0.5488,1511105.79
DYDXUSDTSWAP,60,20250601,120000,0.5487,0.5504,0.5348,0.541,2309579.26
DYDXUSDTSWAP,60,20250601,130000,0.541,0.5442,0.5392,0.543,1594338.9
DYDXUSDTSWAP,60,20250601,140000,0.5429,0.5467,0.5397,0.5431,861889.04
DYDXUSDTSWAP,60,20250601,150000,0.5428,0.5443,0.5353,0.5373,962115.17
DYDXUSDTSWAP,60,20250601,160000,0.5373,0.5445,0.5368,0.5417,755094.56
DYDXUSDTSWAP,60,20250601,170000,0.5417,0.5535,0.5417,0.5482,1013191.89
DYDXUSDTSWAP,60,20250601,180000,0.5482,0.5496,0.5457,0.5476,792608.39
DYDXUSDTSWAP,60,20250601,190000,0.5476,0.555,0.5471,0.5497,1454433.27
DYDXUSDTSWAP,60,20250601,200000,0.5498,0.552,0.547,0.5496,955662.36
DYDXUSDTSWAP,60,20250601,210000,0.5495,0.5496,0.5398,0.545,856955.14
DYDXUSDTSWAP,60,20250601,220000,0.5451,0.55,0.5447,0.5496,594637.05
DYDXUSDTSWAP,60,20250601,230000,0.5496,0.5533,0.5468,0.5506,518672.91
DYDXUSDTSWAP,60,20250602,000000,0.5506,0.5559,0.5502,0.5554,256645.12
DYDXUSDTSWAP,60,20250602,010000,0.5554,0.5598,0.5552,0.5581,536805.21
DYDXUSDTSWAP,60,20250602,020000,0.5581,0.5613,0.558,0.5601,397212.61
DYDXUSDTSWAP,60,20250602,030000,0.5602,0.5613,0.5565,0.5581,789578.37
DYDXUSDTSWAP,60,20250602,040000,0.5581,0.5633,0.5549,0.5553,1049386.5
DYDXUSDTSWAP,60,20250602,050000,0.5555,0.5558,0.5485,0.5499,1125521.33
DYDXUSDTSWAP,60,20250602,060000,0.5501,0.5504,0.5441,0.5456,659354.26
DYDXUSDTSWAP,60,20250602,070000,0.5455,0.5478,0.5429,0.5437,408367.85
DYDXUSDTSWAP,60,20250602,080000,0.5439,0.5475,0.5407,0.5446,451427.21
DYDXUSDTSWAP,60,20250602,090000,0.5447,0.5532,0.5432,0.5507,891527.92
DYDXUSDTSWAP,60,20250602,100000,0.5508,0.5575,0.5504,0.552,580776.74
DYDXUSDTSWAP,60,20250602,110000,0.5521,0.5559,0.5457,0.5469,685923.52
DYDXUSDTSWAP,60,20250602,120000,0.547,0.547,0.5409,0.5429,598286.72
DYDXUSDTSWAP,60,20250602,130000,0.5429,0.5444,0.5402,0.5436,962506.32
DYDXUSDTSWAP,60,20250602,140000,0.5436,0.5465,0.5416,0.5439,782830.21
DYDXUSDTSWAP,60,20250602,150000,0.5438,0.5486,0.5404,0.5471,900599.69
DYDXUSDTSWAP,60,20250602,160000,0.5471,0.5533,0.5439,0.5466,779694.09
DYDXUSDTSWAP,60,20250602,170000,0.5466,0.5569,0.5445,0.5532,1084911.36
DYDXUSDTSWAP,60,20250602,180000,0.5533,0.5597,0.5505,0.5565,775605.43
DYDXUSDTSWAP,60,20250602,190000,0.5567,0.5581,0.5512,0.556,571212.61
DYDXUSDTSWAP,60,20250602,200000,0.556,0.5585,0.552,0.5566,354855.88
DYDXUSDTSWAP,60,20250602,210000,0.5567,0.563,0.5556,0.5565,378195.82
DYDXUSDTSWAP,60,20250602,220000,0.5565,0.559,0.5508,0.5558,357274.67
DYDXUSDTSWAP,60,20250602,230000,0.5559,0.5676,0.5559,0.566,654229.82
DYDXUSDTSWAP,60,20250603,000000,0.566,0.573,0.5659,0.573,471744.59
DYDXUSDTSWAP,60,20250603,010000,0.5728,0.582,0.5728,0.5781,958284.66
DYDXUSDTSWAP,60,20250603,020000,0.5782,0.5839,0.5769,0.5836,630835.86
DYDXUSDTSWAP,60,20250603,030000,0.5837,0.5932,0.5818,0.5919,1198509.46
DYDXUSDTSWAP,60,20250603,040000,0.5918,0.5975,0.5877,0.5965,667013.05
DYDXUSDTSWAP,60,20250603,050000,0.5964,0.5978,0.5876,0.5902,966150.7
DYDXUSDTSWAP,60,20250603,060000,0.5902,0.5913,0.5824,0.5853,791653.56
DYDXUSDTSWAP,60,20250603,070000,0.5852,0.5857,0.5785,0.5798,632411.01
DYDXUSDTSWAP,60,20250603,080000,0.5799,0.5886,0.5798,0.5882,577605.34
DYDXUSDTSWAP,60,20250603,090000,0.5883,0.5897,0.5833,0.5897,470419.39
DYDXUSDTSWAP,60,20250603,100000,0.5897,0.5901,0.5836,0.5845,536901.21
DYDXUSDTSWAP,60,20250603,110000,0.5845,0.5862,0.5787,0.5822,705505.53
DYDXUSDTSWAP,60,20250603,120000,0.5823,0.5864,0.5815,0.5843,481387.99
DYDXUSDTSWAP,60,20250603,130000,0.5843,0.5869,0.5834,0.5844,352345.75
DYDXUSDTSWAP,60,20250603,140000,0.5843,0.5871,0.5822,0.5837,375094.89
DYDXUSDTSWAP,60,20250603,150000,0.5836,0.5861,0.581,0.5841,348487.4
DYDXUSDTSWAP,60,20250603,160000,0.5841,0.5923,0.5841,0.5885,1095422.89
DYDXUSDTSWAP,60,20250603,170000,0.5885,0.5948,0.5842,0.593,1167502.2
DYDXUSDTSWAP,60,20250603,180000,0.5929,0.5944,0.5856,0.5868,933558.4
DYDXUSDTSWAP,60,20250603,190000,0.5868,0.5884,0.5838,0.5863,778594.99
DYDXUSDTSWAP,60,20250603,200000,0.5862,0.5907,0.5852,0.5864,513680.03
DYDXUSDTSWAP,60,20250603,210000,0.5864,0.5879,0.5816,0.5833,532801.28
DYDXUSDTSWAP,60,20250603,220000,0.5833,0.587,0.5814,0.5828,621548.15
DYDXUSDTSWAP,60,20250603,230000,0.5829,0.584,0.5719,0.5764,1317349.34
DYDXUSDTSWAP,60,20250604,000000,0.5765,0.579,0.5678,0.5719,691527.32
DYDXUSDTSWAP,60,20250604,010000,0.572,0.5771,0.571,0.5751,552115.56
DYDXUSDTSWAP,60,20250604,020000,0.5752,0.5769,0.5722,0.5734,594778.66
DYDXUSDTSWAP,60,20250604,030000,0.5735,0.5762,0.5671,0.5757,795755.91
DYDXUSDTSWAP,60,20250604,040000,0.5757,0.5839,0.5756,0.5771,614557.45
DYDXUSDTSWAP,60,20250604,050000,0.5772,0.5808,0.5735,0.5744,549389.35
DYDXUSDTSWAP,60,20250604,060000,0.5745,0.581,0.5739,0.5764,535258.2
DYDXUSDTSWAP,60,20250604,070000,0.5764,0.5781,0.5724,0.5748,918357.95
DYDXUSDTSWAP,60,20250604,080000,0.5749,0.5779,0.5713,0.5724,699994.22
DYDXUSDTSWAP,60,20250604,090000,0.5724,0.5748,0.5689,0.5729,930555.83
DYDXUSDTSWAP,60,20250604,100000,0.573,0.575,0.5702,0.5731,538852.64
DYDXUSDTSWAP,60,20250604,110000,0.5731,0.5788,0.5731,0.5742,561816.23
DYDXUSDTSWAP,60,20250604,120000,0.5741,0.575,0.565,0.5708,1234459.1
DYDXUSDTSWAP,60,20250604,130000,0.5708,0.5738,0.5686,0.5702,633456.15
DYDXUSDTSWAP,60,20250604,140000,0.57,0.5718,0.5664,0.5668,585486.9
DYDXUSDTSWAP,60,20250604,150000,0.5669,0.5691,0.5625,0.5649,993743.95
DYDXUSDTSWAP,60,20250604,160000,0.5648,0.5686,0.5612,0.5625,862562.56
DYDXUSDTSWAP,60,20250604,170000,0.5623,0.5668,0.5575,0.5664,1663210.3
DYDXUSDTSWAP,60,20250604,180000,0.5665,0.5749,0.5655,0.5728,1050552.72
DYDXUSDTSWAP,60,20250604,190000,0.5728,0.5733,0.5658,0.5684,672389.87
DYDXUSDTSWAP,60,20250604,200000,0.5684,0.5691,0.5568,0.5618,971522.92
DYDXUSDTSWAP,60,20250604,210000,0.5619,0.5655,0.5606,0.5608,517391.9
DYDXUSDTSWAP,60,20250604,220000,0.5607,0.5619,0.5585,0.5605,267458.95