<TICKER>,<PER>,<DATE>,<TIME>,<OPEN>,<HIGH>,<LOW>,<CLOSE>,<VOL>
FARTCOINUSDTSWAP,60,20250531,190000,1.0865,1.106,1.0788,1.094,3620631.96
FARTCOINUSDTSWAP,60,20250531,200000,1.0941,1.0967,1.0746,1.0781,2591038.87
FARTCOINUSDTSWAP,60,20250531,210000,1.0782,1.0976,1.0753,1.095,1138933.93
FARTCOINUSDTSWAP,60,20250531,220000,1.0951,1.1131,1.0951,1.0992,2223222.74
FARTCOINUSDTSWAP,60,20250531,230000,1.0991,1.1034,1.0904,1.0967,844966.1
FARTCOINUSDTSWAP,60,20250601,000000,1.0967,1.1047,1.0854,1.0903,2096387.01
FARTCOINUSDTSWAP,60,20250601,010000,1.0905,1.0923,1.0725,1.0725,1108801.86
FARTCOINUSDTSWAP,60,20250601,020000,1.0725,1.0856,1.0691,1.0736,1854209.86
FARTCOINUSDTSWAP,60,20250601,030000,1.0735,1.0848,1.0685,1.0807,1184683.47
FARTCOINUSDTSWAP,60,20250601,040000,1.0806,1.0862,1.0696,1.075,1654772.49
FARTCOINUSDTSWAP,60,20250601,050000,1.075,1.0925,1.063,1.0844,1844016.3
FARTCOINUSDTSWAP,60,20250601,060000,1.0846,1.0865,1.0686,1.078,1730722.25
FARTCOINUSDTSWAP,60,20250601,070000,1.0781,1.105,1.0749,1.098,1833171.05
FARTCOINUSDTSWAP,60,20250601,080000,1.0983,1.1116,1.0953,1.0962,1976263.45
FARTCOINUSDTSWAP,60,20250601,090000,1.096,1.0974,1.0773,1.0777,2971469.72
FARTCOINUSDTSWAP,60,20250601,100000,1.0776,1.0776,1.0557,1.065,3154016.66
FARTCOINUSDTSWAP,60,20250601,110000,1.0649,1.0694,1.0571,1.0605,1063782.92
FARTCOINUSDTSWAP,60,20250601,120000,1.0608,1.0627,1.0364,1.0496,2588242.74
FARTCOINUSDTSWAP,60,20250601,130000,1.0495,1.0534,1.0414,1.0523,1387892.38
FARTCOINUSDTSWAP,60,20250601,140000,1.0523,1.0667,1.0476,1.0636,2151289.5
FARTCOINUSDTSWAP,60,20250601,150000,1.0634,1.067,1.0487,1.0546,1678052.64
FARTCOINUSDTSWAP,60,20250601,160000,1.0546,1.0793,1.0526,1.079,1588192.8
FARTCOINUSDTSWAP,60,20250601,170000,1.0787,1.1183,1.0787,1.111,4094496.02
FARTCOINUSDTSWAP,60,20250601,180000,1.1109,1.1441,1.1026,1.1197,5065317.41
FARTCOINUSDTSWAP,60,20250601,190000,1.1197,1.1447,1.1155,1.1322,4572600.63
FARTCOINUSDTSWAP,60,20250601,200000,1.1321,1.1388,1.1241,1.1284,1634754.66
FARTCOINUSDTSWAP,60,20250601,210000,1.1286,1.1289,1.1012,1.121,3593092.22
FARTCOINUSDTSWAP,60,20250601,220000,1.121,1.14,1.1189,1.1348,1877791.58
FARTCOINUSDTSWAP,60,20250601,230000,1.1347,1.1545,1.1259,1.144,2460769.42
FARTCOINUSDTSWAP,60,20250602,000000,1.144,1.1725,1.1434,1.167,3771824.06
FARTCOINUSDTSWAP,60,20250602,010000,1.1671,1.1696,1.153,1.1554,2505705.35
FARTCOINUSDTSWAP,60,20250602,020000,1.1554,1.168,1.1428,1.1485,2449281.62
FARTCOINUSDTSWAP,60,20250602,030000,1.1486,1.1489,1.1396,1.142,884481.73
FARTCOINUSDTSWAP,60,20250602,040000,1.1421,1.1514,1.1377,1.1379,1143750.33
FARTCOINUSDTSWAP,60,20250602,050000,1.1378,1.1394,1.1252,1.1276,1654470.43
FARTCOINUSDTSWAP,60,20250602,060000,1.1277,1.1313,1.12,1.1218,1385610.63
FARTCOINUSDTSWAP,60,20250602,070000,1.1217,1.1303,1.113,1.1156,918228.11
FARTCOINUSDTSWAP,60,20250602,080000,1.1156,1.1208,1.11,1.1168,1658477.73
FARTCOINUSDTSWAP,60,20250602,090000,1.1169,1.1303,1.1044,1.1188,1823924.51
FARTCOINUSDTSWAP,60,20250602,100000,1.1188,1.1299,1.1151,1.1199,1405062.88
FARTCOINUSDTSWAP,60,20250602,110000,1.1197,1.1298,1.099,1.1065,3009507.27
FARTCOINUSDTSWAP,60,20250602,120000,1.1065,1.1069,1.0676,1.0697,5479835.03
FARTCOINUSDTSWAP,60,20250602,130000,1.0696,1.0872,1.0639,1.0839,4061053.0
FARTCOINUSDTSWAP,60,20250602,140000,1.0839,1.0915,1.0681,1.0823,2964812.26
FARTCOINUSDTSWAP,60,20250602,150000,1.0821,1.0942,1.0704,1.0894,3430128.23
FARTCOINUSDTSWAP,60,20250602,160000,1.0894,1.1006,1.0713,1.0759,4259850.32
FARTCOINUSDTSWAP,60,20250602,170000,1.0756,1.1013,1.0685,1.0888,4068245.11
FARTCOINUSDTSWAP,60,20250602,180000,1.0888,1.0988,1.0785,1.0928,2305759.38
FARTCOINUSDTSWAP,60,20250602,190000,1.093,1.0993,1.0747,1.0946,2812524.0
FARTCOINUSDTSWAP,60,20250602,200000,1.0945,1.1015,1.0826,1.1002,3209985.72
FARTCOINUSDTSWAP,60,20250602,210000,1.1004,1.1227,1.0893,1.0909,4515017.13
FARTCOINUSDTSWAP,60,20250602,220000,1.0908,1.0968,1.0698,1.0791,3200021.06
FARTCOINUSDTSWAP,60,20250602,230000,1.0791,1.1251,1.0791,1.1235,3729737.57
FARTCOINUSDTSWAP,60,20250603,000000,1.1238,1.1332,1.1128,1.129,1639158.95
FARTCOINUSDTSWAP,60,20250603,010000,1.1291,1.156,1.129,1.1466,2795850.32
FARTCOINUSDTSWAP,60,20250603,020000,1.1467,1.1543,1.1337,1.1442,3151091.47
FARTCOINUSDTSWAP,60,20250603,030000,1.144,1.174,1.1381,1.17,4245356.54
FARTCOINUSDTSWAP,60,20250603,040000,1.1703,1.1972,1.1703,1.1928,3986962.83
FARTCOINUSDTSWAP,60,20250603,050000,1.193,1.1939,1.1647,1.169,4551708.97
FARTCOINUSDTSWAP,60,20250603,060000,1.1689,1.1729,1.1526,1.158,2354322.4
FARTCOINUSDTSWAP,60,20250603,070000,1.1579,1.1615,1.1425,1.1504,1349290.45
FARTCOINUSDTSWAP,60,20250603,080000,1.1505,1.1569,1.147,1.154,1005073.35
FARTCOINUSDTSWAP,60,20250603,090000,1.1538,1.1552,1.141,1.1544,907900.99
FARTCOINUSDTSWAP,60,20250603,100000,1.1544,1.1554,1.1302,1.1326,1670140.9
FARTCOINUSDTSWAP,60,20250603,110000,1.1327,1.1364,1.1178,1.127,1659092.87
FARTCOINUSDTSWAP,60,20250603,120000,1.1267,1.1335,1.1196,1.1294,1008065.25
FARTCOINUSDTSWAP,60,20250603,130000,1.1293,1.1406,1.1248,1.1398,1555379.24
FARTCOINUSDTSWAP,60,20250603,140000,1.1397,1.1454,1.1304,1.1369,976430.0
FARTCOINUSDTSWAP,60,20250603,150000,1.137,1.1442,1.1306,1.1391,1456225.26
FARTCOINUSDTSWAP,60,20250603,160000,1.1389,1.1749,1.1389,1.1594,4705809.52
FARTCOINUSDTSWAP,60,20250603,170000,1.1592,1.2005,1.1448,1.1955,4561620.08
FARTCOINUSDTSWAP,60,20250603,180000,1.196,1.2098,1.1677,1.1735,5097201.3
FARTCOINUSDTSWAP,60,20250603,190000,1.1732,1.177,1.1524,1.1536,2995299.27
FARTCOINUSDTSWAP,60,20250603,200000,1.1536,1.1728,1.151,1.1618,1678150.0
FARTCOINUSDTSWAP,60,20250603,210000,1.1619,1.1624,1.1454,1.1515,1167442.26
FARTCOINUSDTSWAP,60,20250603,220000,1.1515,1.1717,1.1515,1.1581,1618130.41
FARTCOINUSDTSWAP,60,20250603,230000,1.1583,1.1602,1.058,1.0758,14800047.36
FARTCOINUSDTSWAP,60,20250604,000000,1.076,1.0892,0.942,0.9933,19460421.94
FARTCOINUSDTSWAP,60,20250604,010000,0.9934,1.039,0.9725,1.0237,11380543.38
FARTCOINUSDTSWAP,60,20250604,020000,1.0239,1.0524,1.0154,1.0282,6913773.14
FARTCOINUSDTSWAP,60,20250604,030000,1.0281,1.0426,1.0125,1.0283,4529336.7
FARTCOINUSDTSWAP,60,20250604,040000,1.0284,1.0562,1.0263,1.0407,4320009.14
FARTCOINUSDTSWAP,60,20250604,050000,1.0404,1.0693,1.0379,1.0585,4619161.68
FARTCOINUSDTSWAP,60,20250604,060000,1.0583,1.0845,1.0556,1.0642,3880037.88
FARTCOINUSDTSWAP,60,20250604,070000,1.0641,1.0703,1.0551,1.0628,1893727.69
FARTCOINUSDTSWAP,60,20250604,080000,1.063,1.0673,1.0513,1.0547,2351161.47
FARTCOINUSDTSWAP,60,20250604,090000,1.0545,1.069,1.0492,1.058,2023887.09
FARTCOINUSDTSWAP,60,20250604,100000,1.0584,1.0653,1.0453,1.0517,1831331.53
FARTCOINUSDTSWAP,60,20250604,110000,1.0518,1.0726,1.0518,1.061,2479277.72
FARTCOINUSDTSWAP,60,20250604,120000,1.061,1.0797,1.0555,1.0747,2566210.99
FARTCOINUSDTSWAP,60,20250604,130000,1.0746,1.0752,1.054,1.0563,2258834.99
FARTCOINUSDTSWAP,60,20250604,140000,1.0562,1.0597,1.0435,1.0466,2096610.87
FARTCOINUSDTSWAP,60,20250604,150000,1.0468,1.0523,1.0335,1.0443,3086535.86
FARTCOINUSDTSWAP,60,20250604,160000,1.0443,1.0635,1.0401,1.0507,3759322.31
FARTCOINUSDTSWAP,60,20250604,170000,1.0507,1.0654,1.0345,1.064,4382305.79
FARTCOINUSDTSWAP,60,20250604,180000,1.0642,1.0772,1.0503,1.0521,4258560.19
FARTCOINUSDTSWAP,60,20250604,190000,1.0518,1.0552,1.0383,1.0427,2629269.66
FARTCOINUSDTSWAP,60,20250604,200000,1.0422,1.0435,1.0177,1.029,3550579.47
FARTCOINUSDTSWAP,60,20250604,210000,1.0292,1.0406,1.0103,1.0147,2942510.59
FARTCOINUSDTSWAP,60,20250604,220000,1.0148,1.0223,1.0079,1.016,821153.83