<TICKER>,<PER>,<DATE>,<TIME>,<OPEN>,<HIGH>,<LOW>,<CLOSE>,<VOL>
FARTCOINUSDTSWAP,3,20250604,172700,1.0486,1.0498,1.046,1.0486,40758.03
FARTCOINUSDTSWAP,3,20250604,173000,1.0484,1.0534,1.0478,1.0528,77507.16
FARTCOINUSDTSWAP,3,20250604,173300,1.0529,1.059,1.0528,1.0551,328358.45
FARTCOINUSDTSWAP,3,20250604,173600,1.0552,1.0552,1.0482,1.0482,83801.87
FARTCOINUSDTSWAP,3,20250604,173900,1.0487,1.0512,1.0468,1.0479,99597.14
FARTCOINUSDTSWAP,3,20250604,174200,1.0478,1.048,1.0439,1.0459,69001.82
FARTCOINUSDTSWAP,3,20250604,174500,1.0461,1.0524,1.0433,1.0508,228423.26
FARTCOINUSDTSWAP,3,20250604,174800,1.0508,1.0561,1.0497,1.0526,357659.75
FARTCOINUSDTSWAP,3,20250604,175100,1.0526,1.0542,1.0513,1.0524,92275.13
FARTCOINUSDTSWAP,3,20250604,175400,1.0524,1.0603,1.0521,1.0592,274780.59
FARTCOINUSDTSWAP,3,20250604,175700,1.059,1.0654,1.0585,1.064,453313.42
FARTCOINUSDTSWAP,3,20250604,180000,1.0642,1.0648,1.0597,1.0601,276057.74
FARTCOINUSDTSWAP,3,20250604,180300,1.0599,1.0628,1.0573,1.059,139387.45
FARTCOINUSDTSWAP,3,20250604,180600,1.0588,1.0732,1.0583,1.0667,820813.52
FARTCOINUSDTSWAP,3,20250604,180900,1.0668,1.0724,1.066,1.0702,198634.96
FARTCOINUSDTSWAP,3,20250604,181200,1.0702,1.0704,1.066,1.0666,211302.43
FARTCOINUSDTSWAP,3,20250604,181500,1.0666,1.0772,1.0666,1.0703,367698.62
FARTCOINUSDTSWAP,3,20250604,181800,1.0702,1.0723,1.0654,1.0683,172855.49
FARTCOINUSDTSWAP,3,20250604,182100,1.068,1.068,1.0629,1.0659,172528.99
FARTCOINUSDTSWAP,3,20250604,182400,1.0659,1.067,1.0638,1.0638,83749.89
FARTCOINUSDTSWAP,3,20250604,182700,1.0638,1.0674,1.0615,1.0626,153926.54
FARTCOINUSDTSWAP,3,20250604,183000,1.0626,1.067,1.058,1.0649,137622.64
FARTCOINUSDTSWAP,3,20250604,183300,1.0654,1.0666,1.0601,1.0606,162008.99
FARTCOINUSDTSWAP,3,20250604,183600,1.0608,1.0659,1.0597,1.0639,188339.74
FARTCOINUSDTSWAP,3,20250604,183900,1.064,1.0647,1.0605,1.0616,123505.93
FARTCOINUSDTSWAP,3,20250604,184200,1.0616,1.063,1.0569,1.0604,141007.02
FARTCOINUSDTSWAP,3,20250604,184500,1.0603,1.0641,1.0594,1.0597,79835.29
FARTCOINUSDTSWAP,3,20250604,184800,1.0597,1.0609,1.0527,1.053,348058.47
FARTCOINUSDTSWAP,3,20250604,185100,1.0531,1.0572,1.0529,1.0541,77161.69
FARTCOINUSDTSWAP,3,20250604,185400,1.054,1.0581,1.0535,1.0574,121737.0
FARTCOINUSDTSWAP,3,20250604,185700,1.0573,1.0574,1.0503,1.0521,275175.01
FARTCOINUSDTSWAP,3,20250604,190000,1.0518,1.0551,1.0513,1.0549,136352.2
FARTCOINUSDTSWAP,3,20250604,190300,1.0548,1.0552,1.0501,1.0504,185518.22
FARTCOINUSDTSWAP,3,20250604,190600,1.0503,1.0524,1.0477,1.0491,255869.88
FARTCOINUSDTSWAP,3,20250604,190900,1.0492,1.0518,1.0487,1.05,72421.03
FARTCOINUSDTSWAP,3,20250604,191200,1.05,1.0518,1.0489,1.049,58158.45
FARTCOINUSDTSWAP,3,20250604,191500,1.0488,1.0536,1.0445,1.0448,173706.45
FARTCOINUSDTSWAP,3,20250604,191800,1.045,1.0514,1.0434,1.0511,131780.77
FARTCOINUSDTSWAP,3,20250604,192100,1.0512,1.0517,1.0455,1.0455,76053.27
FARTCOINUSDTSWAP,3,20250604,192400,1.0455,1.0457,1.0407,1.0411,103017.3
FARTCOINUSDTSWAP,3,20250604,192700,1.0411,1.0422,1.0398,1.0404,128136.51
FARTCOINUSDTSWAP,3,20250604,193000,1.0402,1.0457,1.0383,1.0444,303833.06
FARTCOINUSDTSWAP,3,20250604,193300,1.0445,1.048,1.0438,1.0457,85491.28
FARTCOINUSDTSWAP,3,20250604,193600,1.0457,1.0462,1.0421,1.0436,57543.83
FARTCOINUSDTSWAP,3,20250604,193900,1.0436,1.0471,1.0432,1.044,31988.43
FARTCOINUSDTSWAP,3,20250604,194200,1.0438,1.0448,1.041,1.0442,103009.49
FARTCOINUSDTSWAP,3,20250604,194500,1.0444,1.0461,1.0417,1.0454,50966.72
FARTCOINUSDTSWAP,3,20250604,194800,1.0454,1.0469,1.0383,1.0404,488985.85
FARTCOINUSDTSWAP,3,20250604,195100,1.0403,1.0419,1.0389,1.0411,62402.4
FARTCOINUSDTSWAP,3,20250604,195400,1.041,1.0433,1.0407,1.0422,74935.34
FARTCOINUSDTSWAP,3,20250604,195700,1.0423,1.0427,1.0389,1.0427,35142.19
FARTCOINUSDTSWAP,3,20250604,200000,1.0422,1.0435,1.0352,1.0361,114820.22
FARTCOINUSDTSWAP,3,20250604,200300,1.036,1.0411,1.0352,1.0411,113260.7
FARTCOINUSDTSWAP,3,20250604,200600,1.0412,1.0434,1.0386,1.0428,112892.11
FARTCOINUSDTSWAP,3,20250604,200900,1.0426,1.0432,1.0321,1.0322,221276.21
FARTCOINUSDTSWAP,3,20250604,201200,1.0321,1.0359,1.032,1.0342,90088.91
FARTCOINUSDTSWAP,3,20250604,201500,1.0341,1.0369,1.0324,1.0344,60773.02
FARTCOINUSDTSWAP,3,20250604,201800,1.0346,1.0386,1.0345,1.0363,56109.46
FARTCOINUSDTSWAP,3,20250604,202100,1.0366,1.0381,1.0346,1.036,36987.96
FARTCOINUSDTSWAP,3,20250604,202400,1.0362,1.0377,1.0309,1.0321,98514.64
FARTCOINUSDTSWAP,3,20250604,202700,1.032,1.0333,1.0281,1.0287,172704.17
FARTCOINUSDTSWAP,3,20250604,203000,1.0285,1.0286,1.0177,1.0235,1312163.39
FARTCOINUSDTSWAP,3,20250604,203300,1.0235,1.0302,1.0202,1.025,251399.23
FARTCOINUSDTSWAP,3,20250604,203600,1.0248,1.0249,1.0207,1.0228,126850.77
FARTCOINUSDTSWAP,3,20250604,203900,1.0226,1.0254,1.0202,1.0252,191877.6
FARTCOINUSDTSWAP,3,20250604,204200,1.0255,1.0255,1.0213,1.0215,88946.74
FARTCOINUSDTSWAP,3,20250604,204500,1.0216,1.0243,1.0188,1.021,144171.26
FARTCOINUSDTSWAP,3,20250604,204800,1.0212,1.0241,1.0199,1.0201,88550.29
FARTCOINUSDTSWAP,3,20250604,205100,1.0203,1.0241,1.0201,1.0234,75284.88
FARTCOINUSDTSWAP,3,20250604,205400,1.0235,1.0257,1.0234,1.0255,55205.54
FARTCOINUSDTSWAP,3,20250604,205700,1.0254,1.0298,1.0253,1.029,95485.25
FARTCOINUSDTSWAP,3,20250604,210000,1.0292,1.0353,1.0292,1.0352,249133.3
FARTCOINUSDTSWAP,3,20250604,210300,1.0354,1.0388,1.0334,1.0372,202032.43
FARTCOINUSDTSWAP,3,20250604,210600,1.0374,1.0406,1.0324,1.0328,79043.66
FARTCOINUSDTSWAP,3,20250604,210900,1.0328,1.0337,1.0317,1.0321,49293.48
FARTCOINUSDTSWAP,3,20250604,211200,1.0322,1.0333,1.0305,1.0323,42448.19
FARTCOINUSDTSWAP,3,20250604,211500,1.032,1.0336,1.0302,1.0317,41041.61
FARTCOINUSDTSWAP,3,20250604,211800,1.032,1.0371,1.0307,1.0342,192408.14
FARTCOINUSDTSWAP,3,20250604,212100,1.0344,1.035,1.0323,1.034,142587.9
FARTCOINUSDTSWAP,3,20250604,212400,1.0341,1.0356,1.0309,1.0319,36677.46
FARTCOINUSDTSWAP,3,20250604,212700,1.0319,1.0333,1.0305,1.0317,44264.38
FARTCOINUSDTSWAP,3,20250604,213000,1.0315,1.0318,1.0278,1.0298,144944.32
FARTCOINUSDTSWAP,3,20250604,213300,1.0298,1.0299,1.0261,1.0281,61289.58
FARTCOINUSDTSWAP,3,20250604,213600,1.0284,1.0292,1.0242,1.0249,108528.08
FARTCOINUSDTSWAP,3,20250604,213900,1.025,1.0252,1.0225,1.024,193333.45
FARTCOINUSDTSWAP,3,20250604,214200,1.0238,1.0285,1.0236,1.0262,80321.21
FARTCOINUSDTSWAP,3,20250604,214500,1.0263,1.0268,1.0176,1.0202,184136.69
FARTCOINUSDTSWAP,3,20250604,214800,1.0203,1.0221,1.0132,1.0174,289534.61
FARTCOINUSDTSWAP,3,20250604,215100,1.0174,1.0192,1.0149,1.0161,306419.51
FARTCOINUSDTSWAP,3,20250604,215400,1.016,1.016,1.0103,1.0124,414406.08
FARTCOINUSDTSWAP,3,20250604,215700,1.0123,1.015,1.0114,1.0147,70336.63
FARTCOINUSDTSWAP,3,20250604,220000,1.0148,1.0181,1.0144,1.0153,91037.71
FARTCOINUSDTSWAP,3,20250604,220300,1.0155,1.0186,1.014,1.017,87790.99
FARTCOINUSDTSWAP,3,20250604,220600,1.0172,1.0176,1.0116,1.0142,94156.1
FARTCOINUSDTSWAP,3,20250604,220900,1.0144,1.0146,1.0079,1.0129,251874.51
FARTCOINUSDTSWAP,3,20250604,221200,1.0129,1.0151,1.0105,1.0142,97404.52
FARTCOINUSDTSWAP,3,20250604,221500,1.0141,1.0152,1.0113,1.015,57386.9
FARTCOINUSDTSWAP,3,20250604,221800,1.0152,1.0198,1.0152,1.0186,59128.29
FARTCOINUSDTSWAP,3,20250604,222100,1.0186,1.0223,1.0174,1.018,79542.47
FARTCOINUSDTSWAP,3,20250604,222400,1.0178,1.0178,1.0166,1.0171,2033.56