<TICKER>,<PER>,<DATE>,<TIME>,<OPEN>,<HIGH>,<LOW>,<CLOSE>,<VOL>
FARTCOINUSDTSWAP,1440,20250225,030000,0.2776,0.3077,0.2557,0.2891,93431604.92
FARTCOINUSDTSWAP,1440,20250226,030000,0.2891,0.3494,0.2762,0.338,84842701.72
FARTCOINUSDTSWAP,1440,20250227,030000,0.3382,0.3504,0.2987,0.3082,63662870.81
FARTCOINUSDTSWAP,1440,20250228,030000,0.3083,0.3115,0.2609,0.297,86164841.36
FARTCOINUSDTSWAP,1440,20250301,030000,0.2971,0.3156,0.2417,0.2514,60041823.47
FARTCOINUSDTSWAP,1440,20250302,030000,0.2515,0.363,0.2321,0.3501,84307064.94
FARTCOINUSDTSWAP,1440,20250303,030000,0.35,0.3988,0.2671,0.2686,197084327.3
FARTCOINUSDTSWAP,1440,20250304,030000,0.2687,0.2757,0.2082,0.2579,177085284.83
FARTCOINUSDTSWAP,1440,20250305,030000,0.258,0.3175,0.2464,0.3072,127324651.72
FARTCOINUSDTSWAP,1440,20250306,030000,0.3072,0.3607,0.2785,0.2909,226698934.27
FARTCOINUSDTSWAP,1440,20250307,030000,0.2908,0.3035,0.2475,0.2502,193416087.58
FARTCOINUSDTSWAP,1440,20250308,030000,0.2502,0.2646,0.2282,0.2372,83821086.77
FARTCOINUSDTSWAP,1440,20250309,030000,0.2372,0.255,0.222,0.2319,85196372.38
FARTCOINUSDTSWAP,1440,20250310,030000,0.232,0.2486,0.1986,0.2186,106803451.33
FARTCOINUSDTSWAP,1440,20250311,030000,0.2186,0.2751,0.207,0.2621,97744148.2
FARTCOINUSDTSWAP,1440,20250312,030000,0.2621,0.2941,0.2382,0.2907,111827805.38
FARTCOINUSDTSWAP,1440,20250313,030000,0.2907,0.3049,0.238,0.2426,106218881.72
FARTCOINUSDTSWAP,1440,20250314,030000,0.2427,0.3181,0.2354,0.284,123989794.26
FARTCOINUSDTSWAP,1440,20250315,030000,0.284,0.3479,0.2832,0.3352,115120661.81
FARTCOINUSDTSWAP,1440,20250316,030000,0.3352,0.3584,0.2944,0.2955,114231393.12
FARTCOINUSDTSWAP,1440,20250317,030000,0.2954,0.3511,0.2954,0.3222,83724246.0
FARTCOINUSDTSWAP,1440,20250318,030000,0.3223,0.3228,0.2651,0.2952,84786898.91
FARTCOINUSDTSWAP,1440,20250319,030000,0.2952,0.4155,0.2943,0.3973,151831138.2
FARTCOINUSDTSWAP,1440,20250320,030000,0.3974,0.4157,0.3386,0.3603,139295534.09
FARTCOINUSDTSWAP,1440,20250321,030000,0.3602,0.4365,0.3437,0.4275,117173534.02
FARTCOINUSDTSWAP,1440,20250322,030000,0.4275,0.4876,0.4007,0.442,155025560.05
FARTCOINUSDTSWAP,1440,20250323,030000,0.4419,0.5585,0.4315,0.5519,136384439.26
FARTCOINUSDTSWAP,1440,20250324,030000,0.552,0.6474,0.5172,0.5725,233226754.82
FARTCOINUSDTSWAP,1440,20250325,030000,0.5724,0.5956,0.511,0.5814,201553696.93
FARTCOINUSDTSWAP,1440,20250326,030000,0.5815,0.641,0.5055,0.5228,212336706.75
FARTCOINUSDTSWAP,1440,20250327,030000,0.5228,0.5982,0.5195,0.5337,161622644.98
FARTCOINUSDTSWAP,1440,20250328,030000,0.5336,0.545,0.4455,0.4694,174267495.0
FARTCOINUSDTSWAP,1440,20250329,030000,0.4695,0.4727,0.402,0.4194,98911891.84
FARTCOINUSDTSWAP,1440,20250330,030000,0.4195,0.4885,0.4064,0.4475,127436060.28
FARTCOINUSDTSWAP,1440,20250331,030000,0.4475,0.4637,0.3829,0.4533,166155833.52
FARTCOINUSDTSWAP,1440,20250401,030000,0.4533,0.5498,0.4463,0.521,174748498.57
FARTCOINUSDTSWAP,1440,20250402,030000,0.5211,0.5686,0.4116,0.4231,247106775.28
FARTCOINUSDTSWAP,1440,20250403,030000,0.4231,0.4486,0.3544,0.4176,176318363.99
FARTCOINUSDTSWAP,1440,20250404,030000,0.4177,0.5247,0.4037,0.5121,309193002.11
FARTCOINUSDTSWAP,1440,20250405,030000,0.5122,0.5391,0.4506,0.4964,240295275.6
FARTCOINUSDTSWAP,1440,20250406,030000,0.4965,0.5006,0.4154,0.4443,220250486.24
FARTCOINUSDTSWAP,1440,20250407,030000,0.4443,0.5661,0.4091,0.5535,342630902.09
FARTCOINUSDTSWAP,1440,20250408,030000,0.5532,0.6184,0.5066,0.5106,323384712.05
FARTCOINUSDTSWAP,1440,20250409,030000,0.5107,0.7866,0.4838,0.7631,404658184.59
FARTCOINUSDTSWAP,1440,20250410,030000,0.7632,0.784,0.6781,0.7544,328926496.54
FARTCOINUSDTSWAP,1440,20250411,030000,0.7542,0.9892,0.7328,0.8787,388139842.34
FARTCOINUSDTSWAP,1440,20250412,030000,0.8787,0.9635,0.8266,0.8893,289697448.39
FARTCOINUSDTSWAP,1440,20250413,030000,0.8895,0.909,0.7799,0.8022,228273800.19
FARTCOINUSDTSWAP,1440,20250414,030000,0.8022,0.9659,0.7957,0.9183,254251930.5
FARTCOINUSDTSWAP,1440,20250415,030000,0.9184,0.9503,0.8041,0.8104,247923519.13
FARTCOINUSDTSWAP,1440,20250416,030000,0.8103,0.9684,0.798,0.8979,239732475.76
FARTCOINUSDTSWAP,1440,20250417,030000,0.8978,0.9323,0.811,0.8347,215862448.73
FARTCOINUSDTSWAP,1440,20250418,030000,0.8346,0.8454,0.7161,0.7331,218857777.27
FARTCOINUSDTSWAP,1440,20250419,030000,0.7331,0.8309,0.726,0.8148,133702675.37
FARTCOINUSDTSWAP,1440,20250420,030000,0.8146,0.9039,0.8033,0.8946,135978183.53
FARTCOINUSDTSWAP,1440,20250421,030000,0.8945,0.942,0.823,0.9338,176318132.2
FARTCOINUSDTSWAP,1440,20250422,030000,0.9337,1.2148,0.9179,1.1287,282136263.45
FARTCOINUSDTSWAP,1440,20250423,030000,1.1288,1.2,1.0582,1.0913,202684228.32
FARTCOINUSDTSWAP,1440,20250424,030000,1.0912,1.1659,1.0321,1.1365,132966040.52
FARTCOINUSDTSWAP,1440,20250425,030000,1.1366,1.1529,1.01,1.0288,165050967.78
FARTCOINUSDTSWAP,1440,20250426,030000,1.0288,1.0695,0.9891,1.0297,85176471.33
FARTCOINUSDTSWAP,1440,20250427,030000,1.0301,1.1247,0.9428,1.0727,124453207.47
FARTCOINUSDTSWAP,1440,20250428,030000,1.0728,1.2392,1.032,1.0943,162458036.88
FARTCOINUSDTSWAP,1440,20250429,030000,1.0944,1.1641,1.0713,1.1082,108554321.78
FARTCOINUSDTSWAP,1440,20250430,030000,1.1077,1.2619,1.0607,1.2448,129032268.85
FARTCOINUSDTSWAP,1440,20250501,030000,1.245,1.2937,1.1775,1.1975,122910850.88
FARTCOINUSDTSWAP,1440,20250502,030000,1.1976,1.2247,1.1434,1.1522,72283333.62
FARTCOINUSDTSWAP,1440,20250503,030000,1.1523,1.1549,1.0696,1.0886,64560579.28
FARTCOINUSDTSWAP,1440,20250504,030000,1.0888,1.1274,1.0603,1.0852,64441214.86
FARTCOINUSDTSWAP,1440,20250505,030000,1.0851,1.1473,1.0504,1.1358,65933717.54
FARTCOINUSDTSWAP,1440,20250506,030000,1.1358,1.1552,1.006,1.0816,98373591.58
FARTCOINUSDTSWAP,1440,20250507,030000,1.0818,1.1228,0.9257,1.0224,162356317.9
FARTCOINUSDTSWAP,1440,20250508,030000,1.0223,1.2523,0.993,1.2426,100491986.75
FARTCOINUSDTSWAP,1440,20250509,030000,1.2427,1.4597,1.171,1.3716,168083850.29
FARTCOINUSDTSWAP,1440,20250510,030000,1.3719,1.4386,1.2947,1.4227,92036444.03
FARTCOINUSDTSWAP,1440,20250511,030000,1.4233,1.4387,1.2707,1.3446,108855894.07
FARTCOINUSDTSWAP,1440,20250512,030000,1.3444,1.4788,1.2847,1.3816,168573060.33
FARTCOINUSDTSWAP,1440,20250513,030000,1.3817,1.4758,1.2465,1.4374,124356680.85
FARTCOINUSDTSWAP,1440,20250514,030000,1.4372,1.4796,1.31,1.3233,108842031.84
FARTCOINUSDTSWAP,1440,20250515,030000,1.3235,1.3639,1.2215,1.3043,125092234.38
FARTCOINUSDTSWAP,1440,20250516,030000,1.3039,1.3395,1.1828,1.1924,94464735.97
FARTCOINUSDTSWAP,1440,20250517,030000,1.192,1.2224,1.154,1.2045,65233562.46
FARTCOINUSDTSWAP,1440,20250518,030000,1.2044,1.3618,1.1901,1.3606,76003737.88
FARTCOINUSDTSWAP,1440,20250519,030000,1.3603,1.3796,1.1621,1.2083,106626665.24
FARTCOINUSDTSWAP,1440,20250520,030000,1.2084,1.3245,1.1856,1.2992,111975039.84
FARTCOINUSDTSWAP,1440,20250521,030000,1.2991,1.4476,1.275,1.4039,134066291.17
FARTCOINUSDTSWAP,1440,20250522,030000,1.4044,1.5863,1.3973,1.556,101283735.41
FARTCOINUSDTSWAP,1440,20250523,030000,1.5561,1.6496,1.4464,1.4721,152606194.81
FARTCOINUSDTSWAP,1440,20250524,030000,1.4721,1.5118,1.4257,1.4308,59802454.97
FARTCOINUSDTSWAP,1440,20250525,030000,1.4308,1.4623,1.3424,1.4579,65636167.22
FARTCOINUSDTSWAP,1440,20250526,030000,1.458,1.4747,1.3742,1.3887,57218285.63
FARTCOINUSDTSWAP,1440,20250527,030000,1.389,1.4661,1.3354,1.3624,72337354.58
FARTCOINUSDTSWAP,1440,20250528,030000,1.3623,1.3874,1.2192,1.2974,105236769.07
FARTCOINUSDTSWAP,1440,20250529,030000,1.2973,1.3376,1.202,1.2107,68670126.2
FARTCOINUSDTSWAP,1440,20250530,030000,1.2102,1.2163,1.0287,1.0561,141637319.37
FARTCOINUSDTSWAP,1440,20250531,030000,1.0564,1.1169,1.0016,1.0736,65706433.07
FARTCOINUSDTSWAP,1440,20250601,030000,1.0735,1.1725,1.0364,1.1485,57376372.18
FARTCOINUSDTSWAP,1440,20250602,030000,1.1486,1.156,1.0639,1.1442,68321839.56
FARTCOINUSDTSWAP,1440,20250603,030000,1.144,1.2098,0.942,1.0282,104003960.63
FARTCOINUSDTSWAP,1440,20250604,030000,1.0281,1.0845,1.0079,1.0168,59126091.66