<TICKER>,<PER>,<DATE>,<TIME>,<OPEN>,<HIGH>,<LOW>,<CLOSE>,<VOL>
FLMUSDTSWAP,60,20250531,190000,0.03156,0.03268,0.03128,0.03223,115788.53
FLMUSDTSWAP,60,20250531,200000,0.03223,0.0331,0.03215,0.03269,102779.25
FLMUSDTSWAP,60,20250531,210000,0.03269,0.03303,0.03214,0.0323,57881.67
FLMUSDTSWAP,60,20250531,220000,0.0323,0.03242,0.03203,0.03212,37758.02
FLMUSDTSWAP,60,20250531,230000,0.03213,0.03284,0.03208,0.03272,35939.91
FLMUSDTSWAP,60,20250601,000000,0.03273,0.033,0.03258,0.03273,25622.19
FLMUSDTSWAP,60,20250601,010000,0.03272,0.03274,0.03212,0.03243,47246.34
FLMUSDTSWAP,60,20250601,020000,0.03244,0.03248,0.03214,0.0324,40429.78
FLMUSDTSWAP,60,20250601,030000,0.03241,0.03278,0.03193,0.03247,61299.37
FLMUSDTSWAP,60,20250601,040000,0.03246,0.03316,0.03238,0.03289,55368.9
FLMUSDTSWAP,60,20250601,050000,0.0329,0.03512,0.03228,0.03376,382692.77
FLMUSDTSWAP,60,20250601,060000,0.03376,0.03417,0.03293,0.03368,270773.77
FLMUSDTSWAP,60,20250601,070000,0.03368,0.03383,0.03275,0.03316,145478.07
FLMUSDTSWAP,60,20250601,080000,0.03316,0.0338,0.03284,0.0337,81383.43
FLMUSDTSWAP,60,20250601,090000,0.03371,0.03391,0.03307,0.03349,55960.89
FLMUSDTSWAP,60,20250601,100000,0.03349,0.03353,0.03282,0.03308,52749.73
FLMUSDTSWAP,60,20250601,110000,0.03309,0.03334,0.03249,0.03263,69819.3
FLMUSDTSWAP,60,20250601,120000,0.03262,0.03301,0.03209,0.03242,69100.15
FLMUSDTSWAP,60,20250601,130000,0.03242,0.03328,0.0324,0.03282,65666.48
FLMUSDTSWAP,60,20250601,140000,0.03282,0.0334,0.03253,0.03299,54078.5
FLMUSDTSWAP,60,20250601,150000,0.03298,0.03305,0.03237,0.03269,56695.62
FLMUSDTSWAP,60,20250601,160000,0.03271,0.03378,0.03241,0.03354,87611.81
FLMUSDTSWAP,60,20250601,170000,0.03354,0.03378,0.03328,0.03336,56144.69
FLMUSDTSWAP,60,20250601,180000,0.03335,0.03341,0.03291,0.03304,43114.51
FLMUSDTSWAP,60,20250601,190000,0.03304,0.03337,0.03237,0.03242,68639.87
FLMUSDTSWAP,60,20250601,200000,0.03241,0.03278,0.03233,0.03257,34103.1
FLMUSDTSWAP,60,20250601,210000,0.03257,0.03274,0.03187,0.03196,61747.18
FLMUSDTSWAP,60,20250601,220000,0.03196,0.03227,0.03195,0.03202,25053.7
FLMUSDTSWAP,60,20250601,230000,0.03203,0.03224,0.03182,0.03215,31156.93
FLMUSDTSWAP,60,20250602,000000,0.03216,0.03233,0.03201,0.03223,18309.49
FLMUSDTSWAP,60,20250602,010000,0.03222,0.03279,0.03219,0.03245,43625.78
FLMUSDTSWAP,60,20250602,020000,0.03246,0.03256,0.03233,0.03253,36547.98
FLMUSDTSWAP,60,20250602,030000,0.03252,0.03252,0.03199,0.03223,83186.62
FLMUSDTSWAP,60,20250602,040000,0.03222,0.03253,0.03164,0.03173,58674.33
FLMUSDTSWAP,60,20250602,050000,0.03175,0.03179,0.03116,0.03163,79839.47
FLMUSDTSWAP,60,20250602,060000,0.03163,0.03173,0.03086,0.03107,70056.59
FLMUSDTSWAP,60,20250602,070000,0.03107,0.03161,0.03082,0.03128,54315.11
FLMUSDTSWAP,60,20250602,080000,0.03128,0.03169,0.03087,0.03127,52916.81
FLMUSDTSWAP,60,20250602,090000,0.03127,0.03176,0.03102,0.03137,59274.76
FLMUSDTSWAP,60,20250602,100000,0.03137,0.03174,0.03126,0.0315,60755.41
FLMUSDTSWAP,60,20250602,110000,0.0315,0.03167,0.03112,0.0313,40550.61
FLMUSDTSWAP,60,20250602,120000,0.03131,0.03132,0.03092,0.03111,61037.12
FLMUSDTSWAP,60,20250602,130000,0.03111,0.03123,0.03086,0.03114,50528.49
FLMUSDTSWAP,60,20250602,140000,0.03113,0.0322,0.03095,0.03198,71821.42
FLMUSDTSWAP,60,20250602,150000,0.03197,0.0329,0.03197,0.03285,97174.16
FLMUSDTSWAP,60,20250602,160000,0.03286,0.034,0.03277,0.03385,164345.48
FLMUSDTSWAP,60,20250602,170000,0.03384,0.03621,0.03347,0.03606,427438.79
FLMUSDTSWAP,60,20250602,180000,0.03605,0.03742,0.03317,0.0374,990286.83
FLMUSDTSWAP,60,20250602,190000,0.0374,0.03749,0.03417,0.03594,770079.39
FLMUSDTSWAP,60,20250602,200000,0.03594,0.03612,0.03372,0.03484,377907.81
FLMUSDTSWAP,60,20250602,210000,0.03485,0.03555,0.03417,0.0349,227531.75
FLMUSDTSWAP,60,20250602,220000,0.0349,0.03541,0.03437,0.03488,141603.82
FLMUSDTSWAP,60,20250602,230000,0.03488,0.0361,0.03488,0.03568,143347.21
FLMUSDTSWAP,60,20250603,000000,0.03569,0.03647,0.03531,0.03559,86780.73
FLMUSDTSWAP,60,20250603,010000,0.03559,0.03584,0.03525,0.03529,95556.69
FLMUSDTSWAP,60,20250603,020000,0.03531,0.0358,0.03503,0.03545,65866.21
FLMUSDTSWAP,60,20250603,030000,0.03544,0.03561,0.03489,0.03529,99306.49
FLMUSDTSWAP,60,20250603,040000,0.03528,0.03633,0.03528,0.03605,86767.42
FLMUSDTSWAP,60,20250603,050000,0.03606,0.03634,0.03557,0.03601,71503.59
FLMUSDTSWAP,60,20250603,060000,0.03601,0.0362,0.03524,0.03551,70080.75
FLMUSDTSWAP,60,20250603,070000,0.03551,0.03572,0.03509,0.03515,67068.55
FLMUSDTSWAP,60,20250603,080000,0.03516,0.0362,0.03516,0.03598,63704.12
FLMUSDTSWAP,60,20250603,090000,0.03599,0.03614,0.03558,0.0356,35768.12
FLMUSDTSWAP,60,20250603,100000,0.0356,0.03571,0.03529,0.03533,34365.5
FLMUSDTSWAP,60,20250603,110000,0.03534,0.03542,0.0347,0.03506,75178.71
FLMUSDTSWAP,60,20250603,120000,0.03506,0.0355,0.03494,0.03535,53034.56
FLMUSDTSWAP,60,20250603,130000,0.03536,0.03536,0.03491,0.03513,44338.89
FLMUSDTSWAP,60,20250603,140000,0.03513,0.03579,0.03509,0.03539,64005.35
FLMUSDTSWAP,60,20250603,150000,0.03537,0.03565,0.03525,0.03536,56029.4
FLMUSDTSWAP,60,20250603,160000,0.03538,0.03585,0.0352,0.03576,57673.4
FLMUSDTSWAP,60,20250603,170000,0.03577,0.03599,0.03536,0.03597,44521.63
FLMUSDTSWAP,60,20250603,180000,0.03597,0.03642,0.03582,0.03608,73733.03
FLMUSDTSWAP,60,20250603,190000,0.03609,0.03622,0.03579,0.03596,51214.71
FLMUSDTSWAP,60,20250603,200000,0.03596,0.0363,0.03585,0.03595,38858.38
FLMUSDTSWAP,60,20250603,210000,0.03595,0.03598,0.03548,0.03578,33731.81
FLMUSDTSWAP,60,20250603,220000,0.03579,0.03604,0.03555,0.03569,32596.67
FLMUSDTSWAP,60,20250603,230000,0.03569,0.03589,0.03508,0.03539,38599.52
FLMUSDTSWAP,60,20250604,000000,0.03538,0.03549,0.03488,0.03502,28428.86
FLMUSDTSWAP,60,20250604,010000,0.03504,0.03556,0.03502,0.03539,55014.76
FLMUSDTSWAP,60,20250604,020000,0.03539,0.0358,0.0353,0.03543,55296.84
FLMUSDTSWAP,60,20250604,030000,0.03543,0.03618,0.03541,0.03595,48413.96
FLMUSDTSWAP,60,20250604,040000,0.03596,0.03628,0.03563,0.03607,37379.27
FLMUSDTSWAP,60,20250604,050000,0.03608,0.03613,0.03499,0.03509,56058.4
FLMUSDTSWAP,60,20250604,060000,0.03509,0.03531,0.03497,0.03522,43925.31
FLMUSDTSWAP,60,20250604,070000,0.03523,0.03547,0.03492,0.03534,38670.42
FLMUSDTSWAP,60,20250604,080000,0.03535,0.03583,0.03512,0.03539,38115.11
FLMUSDTSWAP,60,20250604,090000,0.0354,0.03562,0.03486,0.03508,33027.24
FLMUSDTSWAP,60,20250604,100000,0.03509,0.0353,0.03447,0.03485,57409.31
FLMUSDTSWAP,60,20250604,110000,0.03485,0.03522,0.03481,0.03499,26071.22
FLMUSDTSWAP,60,20250604,120000,0.03499,0.03544,0.03462,0.03543,34501.57
FLMUSDTSWAP,60,20250604,130000,0.03542,0.03545,0.03465,0.03466,27294.76
FLMUSDTSWAP,60,20250604,140000,0.03465,0.03479,0.03417,0.03427,37430.7
FLMUSDTSWAP,60,20250604,150000,0.03426,0.03456,0.0338,0.03412,70171.16
FLMUSDTSWAP,60,20250604,160000,0.03412,0.03482,0.03397,0.0348,57808.08
FLMUSDTSWAP,60,20250604,170000,0.0348,0.03489,0.03448,0.03466,44912.98
FLMUSDTSWAP,60,20250604,180000,0.03466,0.03584,0.03465,0.03548,52481.96
FLMUSDTSWAP,60,20250604,190000,0.03549,0.03568,0.03504,0.03517,40937.96
FLMUSDTSWAP,60,20250604,200000,0.03518,0.03524,0.0348,0.03512,32903.4
FLMUSDTSWAP,60,20250604,210000,0.03511,0.03542,0.03504,0.03528,17284.97
FLMUSDTSWAP,60,20250604,220000,0.03526,0.03529,0.03486,0.03486,8220.48