<TICKER>,<PER>,<DATE>,<TIME>,<OPEN>,<HIGH>,<LOW>,<CLOSE>,<VOL>
GPSUSDTSWAP,1440,20250304,030000,0.1374,0.1444,0.061,0.068,24100389.1
GPSUSDTSWAP,1440,20250305,030000,0.0679,0.07173,0.05906,0.06154,9185232.32
GPSUSDTSWAP,1440,20250306,030000,0.06156,0.0625,0.05028,0.05034,8356369.61
GPSUSDTSWAP,1440,20250307,030000,0.05034,0.06835,0.04301,0.05408,18281032.11
GPSUSDTSWAP,1440,20250308,030000,0.05408,0.05562,0.04377,0.04502,6561274.12
GPSUSDTSWAP,1440,20250309,030000,0.04503,0.0535,0.0383,0.04029,8123126.73
GPSUSDTSWAP,1440,20250310,030000,0.0403,0.04549,0.03577,0.03754,5108753.3
GPSUSDTSWAP,1440,20250311,030000,0.03755,0.03879,0.03411,0.03673,4037538.52
GPSUSDTSWAP,1440,20250312,030000,0.03672,0.03686,0.03213,0.03458,3194612.61
GPSUSDTSWAP,1440,20250313,030000,0.03459,0.03528,0.03247,0.03429,2344921.13
GPSUSDTSWAP,1440,20250314,030000,0.0343,0.03994,0.0333,0.03797,2178651.66
GPSUSDTSWAP,1440,20250315,030000,0.03797,0.04467,0.03538,0.04073,5558616.29
GPSUSDTSWAP,1440,20250316,030000,0.04074,0.04283,0.03643,0.0371,3371258.91
GPSUSDTSWAP,1440,20250317,030000,0.03709,0.03969,0.03693,0.03818,2120365.53
GPSUSDTSWAP,1440,20250318,030000,0.03819,0.03833,0.03276,0.03455,1702803.73
GPSUSDTSWAP,1440,20250319,030000,0.03456,0.0346,0.03107,0.03371,1532207.61
GPSUSDTSWAP,1440,20250320,030000,0.03369,0.03455,0.03215,0.03218,1206566.18
GPSUSDTSWAP,1440,20250321,030000,0.03218,0.03245,0.02888,0.03055,2484105.91
GPSUSDTSWAP,1440,20250322,030000,0.03057,0.03394,0.03034,0.03113,1106205.29
GPSUSDTSWAP,1440,20250323,030000,0.03112,0.03662,0.03092,0.03352,1980198.37
GPSUSDTSWAP,1440,20250324,030000,0.03351,0.03519,0.03257,0.03365,1310231.58
GPSUSDTSWAP,1440,20250325,030000,0.03364,0.03373,0.03186,0.03258,934326.41
GPSUSDTSWAP,1440,20250326,030000,0.03257,0.03364,0.02942,0.03001,1153680.27
GPSUSDTSWAP,1440,20250327,030000,0.03002,0.03155,0.02995,0.03082,660615.02
GPSUSDTSWAP,1440,20250328,030000,0.03082,0.03089,0.029,0.02966,974318.64
GPSUSDTSWAP,1440,20250329,030000,0.02966,0.03024,0.02457,0.0262,1504339.95
GPSUSDTSWAP,1440,20250330,030000,0.0262,0.02845,0.02597,0.02657,634289.37
GPSUSDTSWAP,1440,20250331,030000,0.02658,0.02719,0.02516,0.02545,544187.41
GPSUSDTSWAP,1440,20250401,030000,0.02545,0.02732,0.02461,0.02544,495371.68
GPSUSDTSWAP,1440,20250402,030000,0.02546,0.02585,0.0231,0.02348,644088.17
GPSUSDTSWAP,1440,20250403,030000,0.02348,0.02423,0.02222,0.02288,353666.87
GPSUSDTSWAP,1440,20250404,030000,0.0229,0.02342,0.02175,0.02305,488646.8
GPSUSDTSWAP,1440,20250405,030000,0.02305,0.02379,0.02248,0.02309,284931.98
GPSUSDTSWAP,1440,20250406,030000,0.02308,0.02359,0.02005,0.02081,576389.83
GPSUSDTSWAP,1440,20250407,030000,0.02081,0.02266,0.01934,0.02147,676065.89
GPSUSDTSWAP,1440,20250408,030000,0.02147,0.02246,0.02072,0.02089,397863.83
GPSUSDTSWAP,1440,20250409,030000,0.02089,0.02368,0.01982,0.02332,455045.51
GPSUSDTSWAP,1440,20250410,030000,0.02333,0.02334,0.01993,0.02064,847584.03
GPSUSDTSWAP,1440,20250411,030000,0.02063,0.02168,0.02043,0.021,363443.83
GPSUSDTSWAP,1440,20250412,030000,0.02101,0.02251,0.02052,0.02207,334818.32
GPSUSDTSWAP,1440,20250413,030000,0.02208,0.02228,0.01706,0.0176,714996.88
GPSUSDTSWAP,1440,20250414,030000,0.01761,0.01936,0.01665,0.01741,797464.18
GPSUSDTSWAP,1440,20250415,030000,0.01742,0.01814,0.01681,0.01706,369609.91
GPSUSDTSWAP,1440,20250416,030000,0.01706,0.01813,0.01703,0.01745,367399.95
GPSUSDTSWAP,1440,20250417,030000,0.01746,0.01759,0.01574,0.01627,549166.95
GPSUSDTSWAP,1440,20250418,030000,0.01628,0.01718,0.01518,0.0156,262874.49
GPSUSDTSWAP,1440,20250419,030000,0.01559,0.01698,0.01558,0.01668,199530.38
GPSUSDTSWAP,1440,20250420,030000,0.01668,0.01977,0.01638,0.01873,613113.92
GPSUSDTSWAP,1440,20250421,030000,0.01872,0.01955,0.01744,0.01757,253949.4
GPSUSDTSWAP,1440,20250422,030000,0.01756,0.01879,0.01663,0.0187,212910.56
GPSUSDTSWAP,1440,20250423,030000,0.0187,0.01998,0.01827,0.01959,265994.17
GPSUSDTSWAP,1440,20250424,030000,0.01958,0.02288,0.01892,0.02124,984630.11
GPSUSDTSWAP,1440,20250425,030000,0.02124,0.02307,0.02057,0.0224,500754.86
GPSUSDTSWAP,1440,20250426,030000,0.02239,0.02393,0.02145,0.02228,315987.79
GPSUSDTSWAP,1440,20250427,030000,0.02228,0.02231,0.0203,0.02073,239277.35
GPSUSDTSWAP,1440,20250428,030000,0.02073,0.02156,0.01986,0.02093,205694.5
GPSUSDTSWAP,1440,20250429,030000,0.02094,0.02212,0.02036,0.02061,172708.2
GPSUSDTSWAP,1440,20250430,030000,0.02061,0.0241,0.02051,0.02337,679791.07
GPSUSDTSWAP,1440,20250501,030000,0.02336,0.02421,0.02182,0.02224,309583.61
GPSUSDTSWAP,1440,20250502,030000,0.02223,0.02284,0.02174,0.02245,147249.72
GPSUSDTSWAP,1440,20250503,030000,0.02245,0.0225,0.0201,0.02037,142873.93
GPSUSDTSWAP,1440,20250504,030000,0.02039,0.02041,0.01895,0.019,133897.72
GPSUSDTSWAP,1440,20250505,030000,0.01901,0.01978,0.01872,0.01909,142622.91
GPSUSDTSWAP,1440,20250506,030000,0.01908,0.02121,0.01882,0.02016,291236.87
GPSUSDTSWAP,1440,20250507,030000,0.02015,0.0209,0.01945,0.02065,120378.88
GPSUSDTSWAP,1440,20250508,030000,0.02066,0.02246,0.02034,0.02219,125251.7
GPSUSDTSWAP,1440,20250509,030000,0.0222,0.02477,0.02204,0.0243,184768.16
GPSUSDTSWAP,1440,20250510,030000,0.0243,0.0257,0.02358,0.02559,206387.34
GPSUSDTSWAP,1440,20250511,030000,0.02556,0.02652,0.02404,0.02503,194986.58
GPSUSDTSWAP,1440,20250512,030000,0.02504,0.02745,0.02346,0.02486,288699.68
GPSUSDTSWAP,1440,20250513,030000,0.02486,0.02761,0.02348,0.02655,187702.22
GPSUSDTSWAP,1440,20250514,030000,0.02655,0.02718,0.02508,0.02509,135682.93
GPSUSDTSWAP,1440,20250515,030000,0.0251,0.02553,0.02244,0.0231,147916.16
GPSUSDTSWAP,1440,20250516,030000,0.02311,0.02404,0.02293,0.0231,127303.56
GPSUSDTSWAP,1440,20250517,030000,0.02312,0.02322,0.02196,0.02237,104996.17
GPSUSDTSWAP,1440,20250518,030000,0.02238,0.0239,0.02137,0.02312,163405.8
GPSUSDTSWAP,1440,20250519,030000,0.02313,0.02315,0.02141,0.02294,95574.39
GPSUSDTSWAP,1440,20250520,030000,0.02294,0.02345,0.02219,0.02343,90758.21
GPSUSDTSWAP,1440,20250521,030000,0.02343,0.02427,0.02293,0.02391,126730.95
GPSUSDTSWAP,1440,20250522,030000,0.02391,0.02639,0.02388,0.02619,132873.32
GPSUSDTSWAP,1440,20250523,030000,0.02619,0.0263,0.0233,0.02349,149881.62
GPSUSDTSWAP,1440,20250524,030000,0.02349,0.02556,0.02347,0.02403,89103.33
GPSUSDTSWAP,1440,20250525,030000,0.02404,0.02417,0.02238,0.02351,70332.63
GPSUSDTSWAP,1440,20250526,030000,0.02351,0.02424,0.02305,0.02348,71269.34
GPSUSDTSWAP,1440,20250527,030000,0.02348,0.02436,0.02269,0.02391,87077.13
GPSUSDTSWAP,1440,20250528,030000,0.02391,0.02425,0.02323,0.02411,64806.45
GPSUSDTSWAP,1440,20250529,030000,0.02413,0.02465,0.02344,0.02359,97167.6
GPSUSDTSWAP,1440,20250530,030000,0.02359,0.02366,0.02015,0.02031,127751.93
GPSUSDTSWAP,1440,20250531,030000,0.02034,0.02268,0.02007,0.02234,136318.52
GPSUSDTSWAP,1440,20250601,030000,0.02234,0.02406,0.022,0.02385,376816.4
GPSUSDTSWAP,1440,20250602,030000,0.02384,0.0245,0.02306,0.02412,119968.74
GPSUSDTSWAP,1440,20250603,030000,0.02413,0.02447,0.02328,0.02356,123553.92
GPSUSDTSWAP,1440,20250604,030000,0.02356,0.02392,0.0226,0.02291,97833.18