<TICKER>,<PER>,<DATE>,<TIME>,<OPEN>,<HIGH>,<LOW>,<CLOSE>,<VOL>
GUNUSDTSWAP,3,20250604,172700,0.03728,0.03736,0.03722,0.03723,190.13
GUNUSDTSWAP,3,20250604,173000,0.03726,0.0374,0.03722,0.0374,122.29
GUNUSDTSWAP,3,20250604,173300,0.0374,0.03749,0.03739,0.0374,286.26
GUNUSDTSWAP,3,20250604,173600,0.0374,0.03744,0.03736,0.03738,203.72
GUNUSDTSWAP,3,20250604,173900,0.03738,0.03743,0.03735,0.03739,92.7
GUNUSDTSWAP,3,20250604,174200,0.03739,0.03739,0.03729,0.03734,36.12
GUNUSDTSWAP,3,20250604,174500,0.03734,0.03744,0.03725,0.03742,97.46
GUNUSDTSWAP,3,20250604,174800,0.03743,0.0375,0.03736,0.03736,142.57
GUNUSDTSWAP,3,20250604,175100,0.03736,0.03739,0.03736,0.03739,28.73
GUNUSDTSWAP,3,20250604,175400,0.03741,0.03755,0.0374,0.03754,402.05
GUNUSDTSWAP,3,20250604,175700,0.03753,0.0376,0.03748,0.03758,166.63
GUNUSDTSWAP,3,20250604,180000,0.03758,0.03762,0.03749,0.0375,535.78
GUNUSDTSWAP,3,20250604,180300,0.0375,0.0376,0.03742,0.03747,502.76
GUNUSDTSWAP,3,20250604,180600,0.03749,0.03779,0.03749,0.03768,861.9
GUNUSDTSWAP,3,20250604,180900,0.03767,0.03773,0.03765,0.03771,182.93
GUNUSDTSWAP,3,20250604,181200,0.03771,0.03771,0.03758,0.03763,531.82
GUNUSDTSWAP,3,20250604,181500,0.03762,0.03781,0.03762,0.03777,325.86
GUNUSDTSWAP,3,20250604,181800,0.03777,0.03785,0.03774,0.03776,454.98
GUNUSDTSWAP,3,20250604,182100,0.0377,0.03781,0.03768,0.03779,230.72
GUNUSDTSWAP,3,20250604,182400,0.0378,0.03781,0.03778,0.03781,103.5
GUNUSDTSWAP,3,20250604,182700,0.0378,0.03784,0.03766,0.03766,26.88
GUNUSDTSWAP,3,20250604,183000,0.03769,0.0378,0.03768,0.0378,183.17
GUNUSDTSWAP,3,20250604,183300,0.03778,0.03782,0.03768,0.0377,365.18
GUNUSDTSWAP,3,20250604,183600,0.0377,0.0379,0.03768,0.03785,467.4
GUNUSDTSWAP,3,20250604,183900,0.03787,0.03787,0.0378,0.03783,173.22
GUNUSDTSWAP,3,20250604,184200,0.03782,0.03789,0.03779,0.03782,152.83
GUNUSDTSWAP,3,20250604,184500,0.03786,0.03787,0.03779,0.0378,242.34
GUNUSDTSWAP,3,20250604,184800,0.03781,0.03782,0.03776,0.03776,403.17
GUNUSDTSWAP,3,20250604,185100,0.03777,0.03788,0.03776,0.03785,55.45
GUNUSDTSWAP,3,20250604,185400,0.03784,0.03786,0.03776,0.03786,75.57
GUNUSDTSWAP,3,20250604,185700,0.03784,0.03788,0.03781,0.03787,65.2
GUNUSDTSWAP,3,20250604,190000,0.03786,0.03787,0.03775,0.03775,159.35
GUNUSDTSWAP,3,20250604,190300,0.03776,0.0378,0.03767,0.03767,324.89
GUNUSDTSWAP,3,20250604,190600,0.0377,0.03773,0.03762,0.03762,137.79
GUNUSDTSWAP,3,20250604,190900,0.03763,0.03767,0.03762,0.03767,242.26
GUNUSDTSWAP,3,20250604,191200,0.03767,0.03769,0.03764,0.03765,63.59
GUNUSDTSWAP,3,20250604,191500,0.03764,0.03768,0.03757,0.03757,317.64
GUNUSDTSWAP,3,20250604,191800,0.03757,0.0376,0.03746,0.0376,158.47
GUNUSDTSWAP,3,20250604,192100,0.0376,0.0376,0.03731,0.03731,1754.27
GUNUSDTSWAP,3,20250604,192400,0.03736,0.03736,0.03725,0.03727,406.44
GUNUSDTSWAP,3,20250604,192700,0.03728,0.03737,0.03725,0.03732,72.32
GUNUSDTSWAP,3,20250604,193000,0.03728,0.03742,0.03727,0.03742,216.75
GUNUSDTSWAP,3,20250604,193300,0.03742,0.03742,0.03736,0.03736,183.73
GUNUSDTSWAP,3,20250604,193600,0.03738,0.03738,0.03734,0.03736,37.94
GUNUSDTSWAP,3,20250604,193900,0.03741,0.03747,0.03741,0.03744,111.03
GUNUSDTSWAP,3,20250604,194200,0.03743,0.03743,0.03736,0.03736,14.78
GUNUSDTSWAP,3,20250604,194500,0.03737,0.03744,0.03734,0.03742,453.75
GUNUSDTSWAP,3,20250604,194800,0.03744,0.03744,0.03739,0.03742,81.43
GUNUSDTSWAP,3,20250604,195100,0.03744,0.03744,0.03739,0.03741,6.51
GUNUSDTSWAP,3,20250604,195400,0.03746,0.03748,0.03736,0.03736,139.84
GUNUSDTSWAP,3,20250604,195700,0.03738,0.03738,0.03721,0.03725,662.19
GUNUSDTSWAP,3,20250604,200000,0.03728,0.0373,0.03716,0.03719,566.73
GUNUSDTSWAP,3,20250604,200300,0.03719,0.03729,0.03719,0.03726,589.98
GUNUSDTSWAP,3,20250604,200600,0.03726,0.03726,0.0372,0.03725,25.93
GUNUSDTSWAP,3,20250604,200900,0.03726,0.03726,0.0371,0.03714,469.22
GUNUSDTSWAP,3,20250604,201200,0.03718,0.0372,0.03712,0.03715,172.89
GUNUSDTSWAP,3,20250604,201500,0.03715,0.03715,0.03706,0.03708,66.02
GUNUSDTSWAP,3,20250604,201800,0.03711,0.03718,0.0371,0.03714,189.15
GUNUSDTSWAP,3,20250604,202100,0.03715,0.03722,0.03713,0.03718,41.98
GUNUSDTSWAP,3,20250604,202400,0.03715,0.03715,0.0371,0.03712,41.42
GUNUSDTSWAP,3,20250604,202700,0.03712,0.03715,0.03708,0.03711,194.43
GUNUSDTSWAP,3,20250604,203000,0.03709,0.03709,0.03694,0.03697,1288.21
GUNUSDTSWAP,3,20250604,203300,0.03697,0.03707,0.03691,0.03703,224.08
GUNUSDTSWAP,3,20250604,203600,0.03702,0.03704,0.03698,0.03701,358.65
GUNUSDTSWAP,3,20250604,203900,0.03705,0.03709,0.03699,0.03709,196.07
GUNUSDTSWAP,3,20250604,204200,0.03707,0.03707,0.03696,0.03696,335.26
GUNUSDTSWAP,3,20250604,204500,0.03699,0.03706,0.03696,0.03696,119.96
GUNUSDTSWAP,3,20250604,204800,0.03694,0.03709,0.03694,0.03695,314.58
GUNUSDTSWAP,3,20250604,205100,0.03694,0.03709,0.03691,0.03706,109.82
GUNUSDTSWAP,3,20250604,205400,0.03705,0.03709,0.03701,0.03702,65.62
GUNUSDTSWAP,3,20250604,205700,0.03704,0.03705,0.03701,0.03705,17.63
GUNUSDTSWAP,3,20250604,210000,0.03702,0.0372,0.03702,0.03719,375.86
GUNUSDTSWAP,3,20250604,210300,0.03717,0.0372,0.03715,0.03716,204.7
GUNUSDTSWAP,3,20250604,210600,0.03719,0.03719,0.03698,0.037,972.78
GUNUSDTSWAP,3,20250604,210900,0.03701,0.03714,0.03698,0.03712,360.11
GUNUSDTSWAP,3,20250604,211200,0.03712,0.03716,0.03705,0.03716,747.82
GUNUSDTSWAP,3,20250604,211500,0.0371,0.03714,0.03706,0.03713,120.76
GUNUSDTSWAP,3,20250604,211800,0.03711,0.03714,0.03708,0.03709,283.67
GUNUSDTSWAP,3,20250604,212100,0.03708,0.03713,0.03708,0.03713,222.52
GUNUSDTSWAP,3,20250604,212400,0.03711,0.03711,0.03708,0.0371,152.45
GUNUSDTSWAP,3,20250604,212700,0.0371,0.03718,0.0371,0.03712,344.66
GUNUSDTSWAP,3,20250604,213000,0.03713,0.03719,0.0371,0.03714,836.76
GUNUSDTSWAP,3,20250604,213300,0.03712,0.03712,0.03701,0.03704,250.86
GUNUSDTSWAP,3,20250604,213600,0.03704,0.03708,0.03698,0.03702,355.92
GUNUSDTSWAP,3,20250604,213900,0.03701,0.03704,0.03697,0.03697,340.75
GUNUSDTSWAP,3,20250604,214200,0.03701,0.03705,0.03699,0.03699,609.3
GUNUSDTSWAP,3,20250604,214500,0.03698,0.03701,0.03692,0.03699,348.87
GUNUSDTSWAP,3,20250604,214800,0.03698,0.03701,0.03692,0.03693,343.47
GUNUSDTSWAP,3,20250604,215100,0.03691,0.03692,0.03685,0.0369,711.14
GUNUSDTSWAP,3,20250604,215400,0.0369,0.03693,0.03687,0.0369,772.94
GUNUSDTSWAP,3,20250604,215700,0.03691,0.037,0.03689,0.037,712.4
GUNUSDTSWAP,3,20250604,220000,0.03697,0.03701,0.03693,0.03695,851.23
GUNUSDTSWAP,3,20250604,220300,0.03697,0.03702,0.03694,0.03698,893.49
GUNUSDTSWAP,3,20250604,220600,0.037,0.03708,0.03697,0.03701,1033.0
GUNUSDTSWAP,3,20250604,220900,0.03702,0.03703,0.03698,0.03703,143.08
GUNUSDTSWAP,3,20250604,221200,0.03704,0.03706,0.03701,0.03703,149.2
GUNUSDTSWAP,3,20250604,221500,0.03702,0.03702,0.03696,0.03697,240.07
GUNUSDTSWAP,3,20250604,221800,0.03698,0.03707,0.03698,0.03706,281.2
GUNUSDTSWAP,3,20250604,222100,0.03707,0.03716,0.03707,0.03716,129.11
GUNUSDTSWAP,3,20250604,222400,0.03711,0.03711,0.03711,0.03711,9.31