<TICKER>,<PER>,<DATE>,<TIME>,<OPEN>,<HIGH>,<LOW>,<CLOSE>,<VOL>
HMSTRUSDTSWAP,1440,20250225,030000,0.001683,0.001853,0.001624,0.001711,104060.98
HMSTRUSDTSWAP,1440,20250226,030000,0.001712,0.001834,0.001652,0.001745,53630.35
HMSTRUSDTSWAP,1440,20250227,030000,0.001744,0.001853,0.001697,0.00184,35314.97
HMSTRUSDTSWAP,1440,20250228,030000,0.001842,0.002085,0.001734,0.001955,191558.02
HMSTRUSDTSWAP,1440,20250301,030000,0.001955,0.001973,0.001829,0.001861,52282.13
HMSTRUSDTSWAP,1440,20250302,030000,0.001862,0.002144,0.001846,0.002114,61687.48
HMSTRUSDTSWAP,1440,20250303,030000,0.002113,0.002179,0.00198,0.001992,62914.82
HMSTRUSDTSWAP,1440,20250304,030000,0.001992,0.002212,0.001948,0.002075,149851.05
HMSTRUSDTSWAP,1440,20250305,030000,0.002075,0.002176,0.00202,0.002111,51508.19
HMSTRUSDTSWAP,1440,20250306,030000,0.002109,0.002179,0.002029,0.002036,62553.72
HMSTRUSDTSWAP,1440,20250307,030000,0.002035,0.002171,0.00189,0.001997,124832.57
HMSTRUSDTSWAP,1440,20250308,030000,0.001995,0.002116,0.001903,0.00207,102277.04
HMSTRUSDTSWAP,1440,20250309,030000,0.002071,0.00217,0.001948,0.002127,194858.58
HMSTRUSDTSWAP,1440,20250310,030000,0.002128,0.002304,0.002083,0.002138,250780.79
HMSTRUSDTSWAP,1440,20250311,030000,0.002138,0.00229,0.00212,0.002185,135228.08
HMSTRUSDTSWAP,1440,20250312,030000,0.002184,0.002277,0.002145,0.002185,105646.2
HMSTRUSDTSWAP,1440,20250313,030000,0.002184,0.002185,0.002125,0.002136,61722.58
HMSTRUSDTSWAP,1440,20250314,030000,0.002136,0.002365,0.002123,0.002186,80580.51
HMSTRUSDTSWAP,1440,20250315,030000,0.002185,0.002209,0.002126,0.002158,61383.43
HMSTRUSDTSWAP,1440,20250316,030000,0.002157,0.002212,0.002139,0.002143,42957.03
HMSTRUSDTSWAP,1440,20250317,030000,0.002143,0.002175,0.001958,0.00203,103178.25
HMSTRUSDTSWAP,1440,20250318,030000,0.00203,0.00242,0.001861,0.00202,282741.98
HMSTRUSDTSWAP,1440,20250319,030000,0.00202,0.002194,0.001982,0.00219,112719.64
HMSTRUSDTSWAP,1440,20250320,030000,0.00219,0.002252,0.0021,0.002109,56753.56
HMSTRUSDTSWAP,1440,20250321,030000,0.002108,0.002156,0.002042,0.002118,34833.05
HMSTRUSDTSWAP,1440,20250322,030000,0.002118,0.002248,0.002072,0.002078,43699.33
HMSTRUSDTSWAP,1440,20250323,030000,0.002078,0.002102,0.001989,0.002019,57484.25
HMSTRUSDTSWAP,1440,20250324,030000,0.00202,0.002152,0.001973,0.002134,52205.47
HMSTRUSDTSWAP,1440,20250325,030000,0.002133,0.002176,0.002065,0.002115,41580.62
HMSTRUSDTSWAP,1440,20250326,030000,0.002115,0.002203,0.002074,0.002139,35851.76
HMSTRUSDTSWAP,1440,20250327,030000,0.002139,0.002199,0.002083,0.002133,24532.46
HMSTRUSDTSWAP,1440,20250328,030000,0.002133,0.002196,0.001996,0.002045,50478.27
HMSTRUSDTSWAP,1440,20250329,030000,0.002045,0.002234,0.00199,0.002164,108884.71
HMSTRUSDTSWAP,1440,20250330,030000,0.002164,0.002262,0.002125,0.002192,75227.59
HMSTRUSDTSWAP,1440,20250331,030000,0.002192,0.002232,0.002131,0.002167,60747.24
HMSTRUSDTSWAP,1440,20250401,030000,0.002167,0.002377,0.002088,0.002293,114325.7
HMSTRUSDTSWAP,1440,20250402,030000,0.002294,0.002351,0.002172,0.00222,65532.01
HMSTRUSDTSWAP,1440,20250403,030000,0.00222,0.002411,0.002091,0.002322,148035.6
HMSTRUSDTSWAP,1440,20250404,030000,0.002322,0.002438,0.002276,0.002347,69798.49
HMSTRUSDTSWAP,1440,20250405,030000,0.002348,0.002349,0.002224,0.002238,28436.45
HMSTRUSDTSWAP,1440,20250406,030000,0.002237,0.002374,0.002205,0.002298,99694.23
HMSTRUSDTSWAP,1440,20250407,030000,0.002298,0.002429,0.002129,0.002394,135688.3
HMSTRUSDTSWAP,1440,20250408,030000,0.002394,0.002425,0.002338,0.002381,59257.34
HMSTRUSDTSWAP,1440,20250409,030000,0.002381,0.002587,0.002237,0.002509,154687.02
HMSTRUSDTSWAP,1440,20250410,030000,0.00251,0.002556,0.002424,0.002475,50946.29
HMSTRUSDTSWAP,1440,20250411,030000,0.002474,0.002541,0.002467,0.00249,31453.19
HMSTRUSDTSWAP,1440,20250412,030000,0.002491,0.002538,0.002457,0.002531,23579.27
HMSTRUSDTSWAP,1440,20250413,030000,0.00253,0.002627,0.002395,0.002438,51868.61
HMSTRUSDTSWAP,1440,20250414,030000,0.002439,0.002535,0.002409,0.002494,26940.45
HMSTRUSDTSWAP,1440,20250415,030000,0.002495,0.002533,0.002441,0.002499,24463.73
HMSTRUSDTSWAP,1440,20250416,030000,0.0025,0.002501,0.002304,0.002401,30778.26
HMSTRUSDTSWAP,1440,20250417,030000,0.0024,0.002588,0.002379,0.002568,39374.76
HMSTRUSDTSWAP,1440,20250418,030000,0.002568,0.002596,0.002539,0.002572,17746.61
HMSTRUSDTSWAP,1440,20250419,030000,0.002572,0.002644,0.002563,0.002594,18182.57
HMSTRUSDTSWAP,1440,20250420,030000,0.002594,0.002644,0.002585,0.002589,13413.57
HMSTRUSDTSWAP,1440,20250421,030000,0.002589,0.00268,0.002582,0.002629,14945.93
HMSTRUSDTSWAP,1440,20250422,030000,0.00263,0.002724,0.002579,0.002718,16176.17
HMSTRUSDTSWAP,1440,20250423,030000,0.002718,0.002923,0.002712,0.002772,37506.56
HMSTRUSDTSWAP,1440,20250424,030000,0.002773,0.002781,0.002656,0.002764,15960.95
HMSTRUSDTSWAP,1440,20250425,030000,0.002764,0.00282,0.002741,0.002759,10612.56
HMSTRUSDTSWAP,1440,20250426,030000,0.00276,0.002818,0.002702,0.002761,11645.2
HMSTRUSDTSWAP,1440,20250427,030000,0.002761,0.002786,0.002647,0.002652,11318.1
HMSTRUSDTSWAP,1440,20250428,030000,0.002652,0.002693,0.002602,0.002672,10804.83
HMSTRUSDTSWAP,1440,20250429,030000,0.002673,0.002685,0.00254,0.002579,9034.02
HMSTRUSDTSWAP,1440,20250430,030000,0.002579,0.00265,0.002525,0.002607,16738.78
HMSTRUSDTSWAP,1440,20250501,030000,0.002607,0.002626,0.002547,0.00256,8133.79
HMSTRUSDTSWAP,1440,20250502,030000,0.00256,0.002668,0.002552,0.002645,17462.9
HMSTRUSDTSWAP,1440,20250503,030000,0.002645,0.002678,0.002596,0.002617,17069.48
HMSTRUSDTSWAP,1440,20250504,030000,0.002618,0.002642,0.00258,0.002607,8044.5
HMSTRUSDTSWAP,1440,20250505,030000,0.002607,0.002642,0.002561,0.002591,8525.17
HMSTRUSDTSWAP,1440,20250506,030000,0.002591,0.00261,0.002432,0.002505,11262.56
HMSTRUSDTSWAP,1440,20250507,030000,0.002506,0.002553,0.002488,0.002519,8643.12
HMSTRUSDTSWAP,1440,20250508,030000,0.002519,0.002704,0.002515,0.002703,16591.03
HMSTRUSDTSWAP,1440,20250509,030000,0.002704,0.002811,0.002678,0.002793,30838.72
HMSTRUSDTSWAP,1440,20250510,030000,0.002792,0.002861,0.002739,0.00285,25749.15
HMSTRUSDTSWAP,1440,20250511,030000,0.002849,0.002861,0.002673,0.002716,21228.13
HMSTRUSDTSWAP,1440,20250512,030000,0.002716,0.002819,0.002526,0.002636,60294.2
HMSTRUSDTSWAP,1440,20250513,030000,0.002635,0.002702,0.002396,0.00259,70095.43
HMSTRUSDTSWAP,1440,20250514,030000,0.002591,0.002661,0.0025,0.002537,29595.95
HMSTRUSDTSWAP,1440,20250515,030000,0.002536,0.002564,0.002241,0.002319,40837.71
HMSTRUSDTSWAP,1440,20250516,030000,0.002319,0.002342,0.002024,0.002203,49198.24
HMSTRUSDTSWAP,1440,20250517,030000,0.002205,0.002376,0.002153,0.002312,53802.93
HMSTRUSDTSWAP,1440,20250518,030000,0.002312,0.002453,0.002219,0.002346,65838.1
HMSTRUSDTSWAP,1440,20250519,030000,0.002348,0.002361,0.002225,0.002291,20743.91
HMSTRUSDTSWAP,1440,20250520,030000,0.002292,0.002366,0.002254,0.002359,24270.02
HMSTRUSDTSWAP,1440,20250521,030000,0.00236,0.002396,0.002292,0.002351,14660.62
HMSTRUSDTSWAP,1440,20250522,030000,0.002352,0.002429,0.002251,0.002344,27269.25
HMSTRUSDTSWAP,1440,20250523,030000,0.002345,0.002398,0.002121,0.002146,23386.52
HMSTRUSDTSWAP,1440,20250524,030000,0.002145,0.002199,0.002117,0.00213,8490.05
HMSTRUSDTSWAP,1440,20250525,030000,0.00213,0.002207,0.002048,0.002179,30557.9
HMSTRUSDTSWAP,1440,20250526,030000,0.002179,0.002224,0.002148,0.00219,12859.15
HMSTRUSDTSWAP,1440,20250527,030000,0.002191,0.002205,0.002092,0.002096,13567.06
HMSTRUSDTSWAP,1440,20250528,030000,0.002095,0.002279,0.002076,0.00217,37118.92
HMSTRUSDTSWAP,1440,20250529,030000,0.002171,0.002204,0.002077,0.002088,17810.23
HMSTRUSDTSWAP,1440,20250530,030000,0.002088,0.002134,0.001933,0.001951,43935.71
HMSTRUSDTSWAP,1440,20250531,030000,0.001951,0.002059,0.001868,0.002036,31641.68
HMSTRUSDTSWAP,1440,20250601,030000,0.002036,0.002056,0.001972,0.002027,10615.59
HMSTRUSDTSWAP,1440,20250602,030000,0.002027,0.002053,0.001979,0.002043,6020.8
HMSTRUSDTSWAP,1440,20250603,030000,0.002043,0.002077,0.001997,0.002016,11358.97
HMSTRUSDTSWAP,1440,20250604,030000,0.002018,0.002041,0.002001,0.002012,4000.86