<TICKER>,<PER>,<DATE>,<TIME>,<OPEN>,<HIGH>,<LOW>,<CLOSE>,<VOL>
HUMAUSDTSWAP,3,20250604,172700,0.03964,0.03968,0.03943,0.03955,516.79
HUMAUSDTSWAP,3,20250604,173000,0.03953,0.03954,0.03939,0.0394,661.89
HUMAUSDTSWAP,3,20250604,173300,0.03941,0.03943,0.03926,0.03932,661.46
HUMAUSDTSWAP,3,20250604,173600,0.03933,0.03933,0.03901,0.03902,767.09
HUMAUSDTSWAP,3,20250604,173900,0.03903,0.03933,0.03901,0.0393,716.24
HUMAUSDTSWAP,3,20250604,174200,0.03929,0.03932,0.03921,0.03927,473.09
HUMAUSDTSWAP,3,20250604,174500,0.03926,0.03939,0.03917,0.03935,577.51
HUMAUSDTSWAP,3,20250604,174800,0.03936,0.03948,0.03931,0.03938,481.88
HUMAUSDTSWAP,3,20250604,175100,0.03937,0.03943,0.03924,0.03928,686.73
HUMAUSDTSWAP,3,20250604,175400,0.03927,0.03932,0.03925,0.03931,430.83
HUMAUSDTSWAP,3,20250604,175700,0.03932,0.03959,0.03932,0.03956,706.15
HUMAUSDTSWAP,3,20250604,180000,0.03957,0.03965,0.03952,0.03956,639.77
HUMAUSDTSWAP,3,20250604,180300,0.03957,0.03961,0.03941,0.03946,861.12
HUMAUSDTSWAP,3,20250604,180600,0.03947,0.03966,0.03946,0.03957,344.14
HUMAUSDTSWAP,3,20250604,180900,0.03959,0.0397,0.03958,0.03965,352.87
HUMAUSDTSWAP,3,20250604,181200,0.03964,0.0397,0.03961,0.03966,290.13
HUMAUSDTSWAP,3,20250604,181500,0.03966,0.0398,0.0396,0.03978,787.17
HUMAUSDTSWAP,3,20250604,181800,0.03977,0.03985,0.03968,0.0397,842.21
HUMAUSDTSWAP,3,20250604,182100,0.0397,0.03983,0.03967,0.03979,243.8
HUMAUSDTSWAP,3,20250604,182400,0.03979,0.03986,0.03969,0.03972,487.19
HUMAUSDTSWAP,3,20250604,182700,0.03972,0.0398,0.03964,0.03976,617.05
HUMAUSDTSWAP,3,20250604,183000,0.03976,0.03983,0.03972,0.03978,322.53
HUMAUSDTSWAP,3,20250604,183300,0.03979,0.03988,0.03969,0.03972,502.95
HUMAUSDTSWAP,3,20250604,183600,0.03972,0.0398,0.03966,0.03979,320.26
HUMAUSDTSWAP,3,20250604,183900,0.03979,0.03989,0.03974,0.03987,531.99
HUMAUSDTSWAP,3,20250604,184200,0.03988,0.04008,0.03982,0.04003,2056.49
HUMAUSDTSWAP,3,20250604,184500,0.04002,0.04008,0.03985,0.03988,645.32
HUMAUSDTSWAP,3,20250604,184800,0.03988,0.03988,0.03976,0.03976,588.75
HUMAUSDTSWAP,3,20250604,185100,0.03975,0.03986,0.03971,0.03982,467.9
HUMAUSDTSWAP,3,20250604,185400,0.03981,0.03995,0.03977,0.03989,322.22
HUMAUSDTSWAP,3,20250604,185700,0.03987,0.0399,0.03975,0.03988,412.3
HUMAUSDTSWAP,3,20250604,190000,0.03985,0.03986,0.03945,0.03954,1226.9
HUMAUSDTSWAP,3,20250604,190300,0.03953,0.03958,0.03941,0.03944,538.56
HUMAUSDTSWAP,3,20250604,190600,0.03944,0.03951,0.03934,0.03942,1541.28
HUMAUSDTSWAP,3,20250604,190900,0.03943,0.03944,0.03934,0.03936,340.12
HUMAUSDTSWAP,3,20250604,191200,0.03936,0.03938,0.03927,0.03928,410.41
HUMAUSDTSWAP,3,20250604,191500,0.03927,0.03933,0.0392,0.03926,467.63
HUMAUSDTSWAP,3,20250604,191800,0.03926,0.03949,0.03922,0.03949,342.43
HUMAUSDTSWAP,3,20250604,192100,0.03948,0.03951,0.03939,0.03943,442.18
HUMAUSDTSWAP,3,20250604,192400,0.03942,0.03952,0.03931,0.03938,473.28
HUMAUSDTSWAP,3,20250604,192700,0.03938,0.03948,0.03937,0.0394,229.7
HUMAUSDTSWAP,3,20250604,193000,0.03939,0.03942,0.03921,0.03923,804.62
HUMAUSDTSWAP,3,20250604,193300,0.03924,0.03933,0.03924,0.03925,240.97
HUMAUSDTSWAP,3,20250604,193600,0.03924,0.03924,0.03916,0.03921,328.28
HUMAUSDTSWAP,3,20250604,193900,0.03921,0.03942,0.03921,0.03925,308.54
HUMAUSDTSWAP,3,20250604,194200,0.03925,0.03927,0.03918,0.03927,287.7
HUMAUSDTSWAP,3,20250604,194500,0.03927,0.03929,0.03916,0.03926,390.54
HUMAUSDTSWAP,3,20250604,194800,0.03925,0.03933,0.03922,0.03929,251.12
HUMAUSDTSWAP,3,20250604,195100,0.03928,0.03935,0.03926,0.03932,238.86
HUMAUSDTSWAP,3,20250604,195400,0.03931,0.03943,0.0393,0.0394,455.96
HUMAUSDTSWAP,3,20250604,195700,0.03939,0.03939,0.03928,0.03929,149.01
HUMAUSDTSWAP,3,20250604,200000,0.03928,0.03928,0.03905,0.03906,645.53
HUMAUSDTSWAP,3,20250604,200300,0.03906,0.03911,0.03903,0.0391,652.54
HUMAUSDTSWAP,3,20250604,200600,0.0391,0.03912,0.03901,0.03903,399.68
HUMAUSDTSWAP,3,20250604,200900,0.03903,0.03903,0.03881,0.03884,1629.46
HUMAUSDTSWAP,3,20250604,201200,0.03885,0.03892,0.03879,0.03879,766.39
HUMAUSDTSWAP,3,20250604,201500,0.0388,0.03881,0.03847,0.03865,2400.36
HUMAUSDTSWAP,3,20250604,201800,0.03867,0.03879,0.03867,0.03875,542.31
HUMAUSDTSWAP,3,20250604,202100,0.03876,0.03885,0.03875,0.03881,382.48
HUMAUSDTSWAP,3,20250604,202400,0.03881,0.03881,0.03867,0.03868,409.21
HUMAUSDTSWAP,3,20250604,202700,0.03869,0.03877,0.03868,0.03868,291.22
HUMAUSDTSWAP,3,20250604,203000,0.03868,0.03868,0.03847,0.0386,707.3
HUMAUSDTSWAP,3,20250604,203300,0.03861,0.03877,0.03856,0.03874,554.09
HUMAUSDTSWAP,3,20250604,203600,0.03873,0.03883,0.03871,0.03879,365.88
HUMAUSDTSWAP,3,20250604,203900,0.03881,0.03884,0.03875,0.03877,369.55
HUMAUSDTSWAP,3,20250604,204200,0.03876,0.03889,0.03876,0.03888,406.24
HUMAUSDTSWAP,3,20250604,204500,0.03888,0.03896,0.03885,0.03886,399.88
HUMAUSDTSWAP,3,20250604,204800,0.03885,0.03896,0.0388,0.03889,323.31
HUMAUSDTSWAP,3,20250604,205100,0.03888,0.03893,0.03876,0.03878,264.27
HUMAUSDTSWAP,3,20250604,205400,0.03878,0.0388,0.03865,0.03869,359.76
HUMAUSDTSWAP,3,20250604,205700,0.03868,0.03882,0.03868,0.03882,171.08
HUMAUSDTSWAP,3,20250604,210000,0.03883,0.03897,0.03882,0.03888,426.04
HUMAUSDTSWAP,3,20250604,210300,0.03889,0.03903,0.03889,0.03901,546.4
HUMAUSDTSWAP,3,20250604,210600,0.03902,0.03904,0.03872,0.03875,425.32
HUMAUSDTSWAP,3,20250604,210900,0.03874,0.03892,0.03874,0.03889,229.46
HUMAUSDTSWAP,3,20250604,211200,0.03891,0.03891,0.03873,0.03881,245.06
HUMAUSDTSWAP,3,20250604,211500,0.03881,0.03882,0.03875,0.03877,87.9
HUMAUSDTSWAP,3,20250604,211800,0.03877,0.03884,0.03872,0.03872,179.39
HUMAUSDTSWAP,3,20250604,212100,0.03873,0.03877,0.0387,0.03877,104.34
HUMAUSDTSWAP,3,20250604,212400,0.03877,0.03881,0.0387,0.03875,157.99
HUMAUSDTSWAP,3,20250604,212700,0.03873,0.0389,0.03873,0.03887,449.69
HUMAUSDTSWAP,3,20250604,213000,0.03887,0.03891,0.03883,0.03889,439.62
HUMAUSDTSWAP,3,20250604,213300,0.03889,0.03893,0.03876,0.03881,455.32
HUMAUSDTSWAP,3,20250604,213600,0.03882,0.03885,0.03868,0.03869,275.7
HUMAUSDTSWAP,3,20250604,213900,0.03869,0.03873,0.03852,0.03858,859.85
HUMAUSDTSWAP,3,20250604,214200,0.03858,0.03872,0.03858,0.03863,182.33
HUMAUSDTSWAP,3,20250604,214500,0.03865,0.03866,0.03853,0.03861,147.64
HUMAUSDTSWAP,3,20250604,214800,0.03861,0.03865,0.03851,0.03856,230.39
HUMAUSDTSWAP,3,20250604,215100,0.03856,0.03858,0.0385,0.03858,248.13
HUMAUSDTSWAP,3,20250604,215400,0.03859,0.03864,0.03851,0.03856,224.52
HUMAUSDTSWAP,3,20250604,215700,0.03856,0.03861,0.03854,0.03861,105.77
HUMAUSDTSWAP,3,20250604,220000,0.03859,0.0387,0.03857,0.0386,487.78
HUMAUSDTSWAP,3,20250604,220300,0.0386,0.03868,0.03855,0.03867,264.14
HUMAUSDTSWAP,3,20250604,220600,0.03866,0.03866,0.03857,0.03863,183.75
HUMAUSDTSWAP,3,20250604,220900,0.03864,0.03866,0.03857,0.03866,141.62
HUMAUSDTSWAP,3,20250604,221200,0.03866,0.03873,0.03866,0.03867,182.94
HUMAUSDTSWAP,3,20250604,221500,0.03866,0.03869,0.03856,0.03869,117.14
HUMAUSDTSWAP,3,20250604,221800,0.0387,0.03882,0.0387,0.03881,173.07
HUMAUSDTSWAP,3,20250604,222100,0.03881,0.03881,0.03867,0.03868,138.09
HUMAUSDTSWAP,3,20250604,222400,0.03867,0.03867,0.03864,0.03865,30.78