<TICKER>,<PER>,<DATE>,<TIME>,<OPEN>,<HIGH>,<LOW>,<CLOSE>,<VOL>
KMNOUSDTSWAP,3,20250604,172700,0.05608,0.05627,0.05605,0.05624,188.6
KMNOUSDTSWAP,3,20250604,173000,0.05624,0.05648,0.05624,0.05631,370.85
KMNOUSDTSWAP,3,20250604,173300,0.05633,0.05649,0.05624,0.05632,525.22
KMNOUSDTSWAP,3,20250604,173600,0.05632,0.05632,0.05601,0.05603,331.56
KMNOUSDTSWAP,3,20250604,173900,0.05605,0.05619,0.05605,0.05618,99.49
KMNOUSDTSWAP,3,20250604,174200,0.05618,0.05618,0.05597,0.05605,316.29
KMNOUSDTSWAP,3,20250604,174500,0.05604,0.05627,0.05599,0.05625,199.61
KMNOUSDTSWAP,3,20250604,174800,0.05626,0.05633,0.05605,0.05605,406.48
KMNOUSDTSWAP,3,20250604,175100,0.05605,0.0562,0.05596,0.05619,238.55
KMNOUSDTSWAP,3,20250604,175400,0.05618,0.05624,0.05612,0.05624,168.03
KMNOUSDTSWAP,3,20250604,175700,0.05623,0.05631,0.05614,0.05629,176.0
KMNOUSDTSWAP,3,20250604,180000,0.05628,0.05637,0.05619,0.05619,290.4
KMNOUSDTSWAP,3,20250604,180300,0.05619,0.05619,0.05597,0.05613,319.89
KMNOUSDTSWAP,3,20250604,180600,0.05613,0.05643,0.05613,0.0563,212.4
KMNOUSDTSWAP,3,20250604,180900,0.05629,0.05634,0.05623,0.05634,100.31
KMNOUSDTSWAP,3,20250604,181200,0.05631,0.05638,0.05628,0.05632,81.54
KMNOUSDTSWAP,3,20250604,181500,0.05632,0.05688,0.05632,0.05668,1082.3
KMNOUSDTSWAP,3,20250604,181800,0.05668,0.0568,0.05661,0.05661,360.65
KMNOUSDTSWAP,3,20250604,182100,0.05661,0.0567,0.05651,0.05662,192.25
KMNOUSDTSWAP,3,20250604,182400,0.05664,0.05674,0.05662,0.0567,141.37
KMNOUSDTSWAP,3,20250604,182700,0.05668,0.05687,0.05668,0.05676,177.3
KMNOUSDTSWAP,3,20250604,183000,0.05673,0.05687,0.05666,0.05682,339.36
KMNOUSDTSWAP,3,20250604,183300,0.05685,0.05697,0.05667,0.05674,413.07
KMNOUSDTSWAP,3,20250604,183600,0.05672,0.05691,0.0567,0.05689,190.41
KMNOUSDTSWAP,3,20250604,183900,0.05686,0.05697,0.05686,0.05692,226.99
KMNOUSDTSWAP,3,20250604,184200,0.05694,0.05699,0.05682,0.05686,114.05
KMNOUSDTSWAP,3,20250604,184500,0.05686,0.05695,0.05674,0.0568,264.29
KMNOUSDTSWAP,3,20250604,184800,0.05679,0.05691,0.05672,0.05687,148.17
KMNOUSDTSWAP,3,20250604,185100,0.05687,0.05713,0.05686,0.05707,465.77
KMNOUSDTSWAP,3,20250604,185400,0.05707,0.05718,0.05704,0.05711,288.6
KMNOUSDTSWAP,3,20250604,185700,0.05713,0.05713,0.05688,0.05708,371.8
KMNOUSDTSWAP,3,20250604,190000,0.05708,0.05714,0.0568,0.05693,339.85
KMNOUSDTSWAP,3,20250604,190300,0.05693,0.05699,0.05683,0.05683,212.92
KMNOUSDTSWAP,3,20250604,190600,0.05681,0.0569,0.05663,0.05665,337.22
KMNOUSDTSWAP,3,20250604,190900,0.05667,0.05694,0.05667,0.05691,143.72
KMNOUSDTSWAP,3,20250604,191200,0.05688,0.05695,0.05682,0.0569,146.01
KMNOUSDTSWAP,3,20250604,191500,0.05687,0.05699,0.05662,0.05662,399.11
KMNOUSDTSWAP,3,20250604,191800,0.05663,0.05669,0.0564,0.05661,691.96
KMNOUSDTSWAP,3,20250604,192100,0.05661,0.05661,0.05614,0.05626,715.78
KMNOUSDTSWAP,3,20250604,192400,0.05625,0.0563,0.05616,0.05626,220.72
KMNOUSDTSWAP,3,20250604,192700,0.05627,0.05627,0.05578,0.05586,1341.03
KMNOUSDTSWAP,3,20250604,193000,0.05587,0.05605,0.05571,0.05603,626.08
KMNOUSDTSWAP,3,20250604,193300,0.05602,0.05622,0.05595,0.05618,425.19
KMNOUSDTSWAP,3,20250604,193600,0.05616,0.05617,0.05609,0.05609,102.1
KMNOUSDTSWAP,3,20250604,193900,0.05612,0.05627,0.05606,0.05621,376.9
KMNOUSDTSWAP,3,20250604,194200,0.0562,0.05627,0.05613,0.05624,185.52
KMNOUSDTSWAP,3,20250604,194500,0.05626,0.05638,0.05607,0.0562,234.1
KMNOUSDTSWAP,3,20250604,194800,0.05617,0.05626,0.05611,0.0562,285.01
KMNOUSDTSWAP,3,20250604,195100,0.05619,0.05619,0.05612,0.05615,87.49
KMNOUSDTSWAP,3,20250604,195400,0.05616,0.05619,0.05598,0.05598,262.04
KMNOUSDTSWAP,3,20250604,195700,0.05599,0.05618,0.05599,0.05612,185.1
KMNOUSDTSWAP,3,20250604,200000,0.0561,0.05618,0.05581,0.05584,202.35
KMNOUSDTSWAP,3,20250604,200300,0.05586,0.05593,0.05564,0.05576,446.54
KMNOUSDTSWAP,3,20250604,200600,0.05576,0.05578,0.05561,0.05577,388.15
KMNOUSDTSWAP,3,20250604,200900,0.05573,0.05573,0.05538,0.05548,605.79
KMNOUSDTSWAP,3,20250604,201200,0.05549,0.05569,0.05548,0.05558,209.7
KMNOUSDTSWAP,3,20250604,201500,0.05557,0.05557,0.05524,0.05533,342.76
KMNOUSDTSWAP,3,20250604,201800,0.05534,0.05545,0.05523,0.05535,378.69
KMNOUSDTSWAP,3,20250604,202100,0.05534,0.05543,0.0553,0.05532,153.07
KMNOUSDTSWAP,3,20250604,202400,0.0553,0.05534,0.05513,0.05515,258.97
KMNOUSDTSWAP,3,20250604,202700,0.05517,0.05524,0.05506,0.05511,148.19
KMNOUSDTSWAP,3,20250604,203000,0.05511,0.0552,0.05504,0.0551,397.4
KMNOUSDTSWAP,3,20250604,203300,0.05513,0.05531,0.05509,0.05528,247.53
KMNOUSDTSWAP,3,20250604,203600,0.05527,0.05531,0.05515,0.05522,193.5
KMNOUSDTSWAP,3,20250604,203900,0.05523,0.05525,0.05504,0.05513,203.52
KMNOUSDTSWAP,3,20250604,204200,0.05514,0.05516,0.05506,0.05507,72.23
KMNOUSDTSWAP,3,20250604,204500,0.0551,0.05514,0.05503,0.05503,151.86
KMNOUSDTSWAP,3,20250604,204800,0.05504,0.05515,0.05489,0.0551,343.89
KMNOUSDTSWAP,3,20250604,205100,0.05509,0.05513,0.05504,0.0551,187.42
KMNOUSDTSWAP,3,20250604,205400,0.05512,0.05522,0.05512,0.05515,52.69
KMNOUSDTSWAP,3,20250604,205700,0.05519,0.05532,0.05508,0.05514,228.32
KMNOUSDTSWAP,3,20250604,210000,0.05515,0.05532,0.05514,0.05525,51.34
KMNOUSDTSWAP,3,20250604,210300,0.05524,0.05561,0.05524,0.05548,752.64
KMNOUSDTSWAP,3,20250604,210600,0.05548,0.05551,0.05521,0.05528,118.12
KMNOUSDTSWAP,3,20250604,210900,0.05522,0.0554,0.05513,0.05537,188.63
KMNOUSDTSWAP,3,20250604,211200,0.05537,0.05538,0.05507,0.05521,377.51
KMNOUSDTSWAP,3,20250604,211500,0.05522,0.05525,0.05513,0.05518,190.29
KMNOUSDTSWAP,3,20250604,211800,0.0552,0.0553,0.05513,0.05523,107.25
KMNOUSDTSWAP,3,20250604,212100,0.05523,0.05525,0.05519,0.05524,72.24
KMNOUSDTSWAP,3,20250604,212400,0.05524,0.05549,0.05519,0.05545,250.68
KMNOUSDTSWAP,3,20250604,212700,0.0554,0.05543,0.05531,0.05531,44.04
KMNOUSDTSWAP,3,20250604,213000,0.05534,0.05534,0.05516,0.05518,69.06
KMNOUSDTSWAP,3,20250604,213300,0.05517,0.05525,0.05515,0.05525,51.31
KMNOUSDTSWAP,3,20250604,213600,0.05525,0.05528,0.05517,0.05522,51.55
KMNOUSDTSWAP,3,20250604,213900,0.0552,0.05522,0.05514,0.05519,24.9
KMNOUSDTSWAP,3,20250604,214200,0.05518,0.05526,0.05515,0.05521,34.87
KMNOUSDTSWAP,3,20250604,214500,0.05518,0.0552,0.05512,0.05514,86.19
KMNOUSDTSWAP,3,20250604,214800,0.05518,0.05521,0.05503,0.05506,118.14
KMNOUSDTSWAP,3,20250604,215100,0.05506,0.05508,0.05496,0.05503,175.86
KMNOUSDTSWAP,3,20250604,215400,0.05504,0.05506,0.05495,0.05498,54.93
KMNOUSDTSWAP,3,20250604,215700,0.05499,0.05503,0.05491,0.05495,48.12
KMNOUSDTSWAP,3,20250604,220000,0.05493,0.05493,0.05459,0.05472,808.62
KMNOUSDTSWAP,3,20250604,220300,0.05472,0.05494,0.05468,0.05487,198.03
KMNOUSDTSWAP,3,20250604,220600,0.05488,0.05491,0.05476,0.05479,109.49
KMNOUSDTSWAP,3,20250604,220900,0.05476,0.05476,0.05455,0.05463,190.02
KMNOUSDTSWAP,3,20250604,221200,0.05464,0.05467,0.0546,0.05463,150.75
KMNOUSDTSWAP,3,20250604,221500,0.05462,0.05465,0.05444,0.05465,594.76
KMNOUSDTSWAP,3,20250604,221800,0.05465,0.05477,0.05465,0.05469,113.95
KMNOUSDTSWAP,3,20250604,222100,0.0547,0.05483,0.05467,0.05483,139.87
KMNOUSDTSWAP,3,20250604,222400,0.05482,0.05483,0.05475,0.05475,54.0