<TICKER>,<PER>,<DATE>,<TIME>,<OPEN>,<HIGH>,<LOW>,<CLOSE>,<VOL>
LAUNCHCOINUSDTSWAP,3,20250604,172700,0.1334,0.1347,0.1332,0.1339,5434.18
LAUNCHCOINUSDTSWAP,3,20250604,173000,0.134,0.1358,0.1336,0.1352,11456.46
LAUNCHCOINUSDTSWAP,3,20250604,173300,0.1353,0.1357,0.1349,0.1352,5347.46
LAUNCHCOINUSDTSWAP,3,20250604,173600,0.1352,0.1352,0.1335,0.1345,5511.7
LAUNCHCOINUSDTSWAP,3,20250604,173900,0.1344,0.1345,0.1325,0.1341,7063.39
LAUNCHCOINUSDTSWAP,3,20250604,174200,0.1342,0.1343,0.1333,0.1342,3355.0
LAUNCHCOINUSDTSWAP,3,20250604,174500,0.1343,0.1365,0.1332,0.1353,12563.36
LAUNCHCOINUSDTSWAP,3,20250604,174800,0.1354,0.1358,0.1343,0.1343,6706.5
LAUNCHCOINUSDTSWAP,3,20250604,175100,0.1346,0.1375,0.1344,0.1368,13912.26
LAUNCHCOINUSDTSWAP,3,20250604,175400,0.1368,0.1414,0.1364,0.14,56722.2
LAUNCHCOINUSDTSWAP,3,20250604,175700,0.14,0.1414,0.139,0.1402,20311.48
LAUNCHCOINUSDTSWAP,3,20250604,180000,0.1401,0.1415,0.1395,0.1407,18147.29
LAUNCHCOINUSDTSWAP,3,20250604,180300,0.1406,0.1408,0.1365,0.138,31426.77
LAUNCHCOINUSDTSWAP,3,20250604,180600,0.1381,0.142,0.1381,0.1405,31778.61
LAUNCHCOINUSDTSWAP,3,20250604,180900,0.1405,0.1416,0.1402,0.1409,7894.55
LAUNCHCOINUSDTSWAP,3,20250604,181200,0.141,0.145,0.141,0.1428,36734.73
LAUNCHCOINUSDTSWAP,3,20250604,181500,0.1429,0.1436,0.1426,0.1428,14608.67
LAUNCHCOINUSDTSWAP,3,20250604,181800,0.1429,0.1448,0.1429,0.1444,14443.19
LAUNCHCOINUSDTSWAP,3,20250604,182100,0.1443,0.1464,0.1437,0.1439,24335.91
LAUNCHCOINUSDTSWAP,3,20250604,182400,0.144,0.1453,0.1439,0.1443,18518.69
LAUNCHCOINUSDTSWAP,3,20250604,182700,0.1446,0.1461,0.1443,0.1446,14557.17
LAUNCHCOINUSDTSWAP,3,20250604,183000,0.1447,0.1466,0.1446,0.1455,19687.3
LAUNCHCOINUSDTSWAP,3,20250604,183300,0.1456,0.1492,0.1455,0.1477,48399.92
LAUNCHCOINUSDTSWAP,3,20250604,183600,0.1477,0.1503,0.1473,0.1501,29250.66
LAUNCHCOINUSDTSWAP,3,20250604,183900,0.1501,0.154,0.1486,0.1535,49754.85
LAUNCHCOINUSDTSWAP,3,20250604,184200,0.1536,0.1597,0.1531,0.1552,98720.56
LAUNCHCOINUSDTSWAP,3,20250604,184500,0.1551,0.1627,0.1551,0.1593,73647.37
LAUNCHCOINUSDTSWAP,3,20250604,184800,0.1594,0.1675,0.159,0.1666,90441.81
LAUNCHCOINUSDTSWAP,3,20250604,185100,0.1667,0.1672,0.1636,0.1644,70235.21
LAUNCHCOINUSDTSWAP,3,20250604,185400,0.1645,0.1655,0.1586,0.1612,85623.4
LAUNCHCOINUSDTSWAP,3,20250604,185700,0.1612,0.1643,0.1569,0.1626,82969.96
LAUNCHCOINUSDTSWAP,3,20250604,190000,0.1626,0.1627,0.159,0.1612,54221.9
LAUNCHCOINUSDTSWAP,3,20250604,190300,0.1612,0.1653,0.1606,0.1636,74375.1
LAUNCHCOINUSDTSWAP,3,20250604,190600,0.1636,0.1655,0.1625,0.1632,59971.02
LAUNCHCOINUSDTSWAP,3,20250604,190900,0.1632,0.1647,0.1608,0.1613,43236.74
LAUNCHCOINUSDTSWAP,3,20250604,191200,0.1613,0.1655,0.161,0.1638,41484.91
LAUNCHCOINUSDTSWAP,3,20250604,191500,0.164,0.1654,0.1599,0.1602,61279.91
LAUNCHCOINUSDTSWAP,3,20250604,191800,0.1603,0.163,0.1587,0.1615,60880.02
LAUNCHCOINUSDTSWAP,3,20250604,192100,0.1616,0.162,0.1591,0.1596,32214.48
LAUNCHCOINUSDTSWAP,3,20250604,192400,0.1596,0.1605,0.157,0.1572,46450.62
LAUNCHCOINUSDTSWAP,3,20250604,192700,0.1575,0.1595,0.154,0.158,64500.5
LAUNCHCOINUSDTSWAP,3,20250604,193000,0.1578,0.1604,0.1574,0.1596,27896.83
LAUNCHCOINUSDTSWAP,3,20250604,193300,0.1595,0.16,0.1565,0.1568,34335.57
LAUNCHCOINUSDTSWAP,3,20250604,193600,0.157,0.1576,0.1554,0.1558,21462.37
LAUNCHCOINUSDTSWAP,3,20250604,193900,0.1559,0.16,0.1556,0.1587,30957.53
LAUNCHCOINUSDTSWAP,3,20250604,194200,0.1586,0.1595,0.1582,0.1588,24238.52
LAUNCHCOINUSDTSWAP,3,20250604,194500,0.1588,0.1595,0.1571,0.1573,19130.32
LAUNCHCOINUSDTSWAP,3,20250604,194800,0.1573,0.1598,0.1569,0.1578,33857.57
LAUNCHCOINUSDTSWAP,3,20250604,195100,0.1578,0.1579,0.1566,0.157,14144.4
LAUNCHCOINUSDTSWAP,3,20250604,195400,0.1571,0.1578,0.1555,0.1578,13316.11
LAUNCHCOINUSDTSWAP,3,20250604,195700,0.1578,0.159,0.1575,0.1584,10044.29
LAUNCHCOINUSDTSWAP,3,20250604,200000,0.1585,0.159,0.1567,0.1569,11129.71
LAUNCHCOINUSDTSWAP,3,20250604,200300,0.1571,0.1593,0.1569,0.1586,12846.38
LAUNCHCOINUSDTSWAP,3,20250604,200600,0.1586,0.1599,0.1575,0.1593,7623.27
LAUNCHCOINUSDTSWAP,3,20250604,200900,0.1593,0.1617,0.1589,0.159,24816.23
LAUNCHCOINUSDTSWAP,3,20250604,201200,0.159,0.1657,0.159,0.1642,48685.96
LAUNCHCOINUSDTSWAP,3,20250604,201500,0.1642,0.1656,0.1641,0.1651,24395.69
LAUNCHCOINUSDTSWAP,3,20250604,201800,0.1651,0.1746,0.1649,0.1718,117314.94
LAUNCHCOINUSDTSWAP,3,20250604,202100,0.1719,0.1745,0.17,0.1714,53428.41
LAUNCHCOINUSDTSWAP,3,20250604,202400,0.1715,0.1741,0.1709,0.1738,48472.93
LAUNCHCOINUSDTSWAP,3,20250604,202700,0.1738,0.1745,0.17,0.1701,48489.5
LAUNCHCOINUSDTSWAP,3,20250604,203000,0.1703,0.1718,0.1683,0.1694,51222.32
LAUNCHCOINUSDTSWAP,3,20250604,203300,0.1696,0.1705,0.1657,0.1672,40836.63
LAUNCHCOINUSDTSWAP,3,20250604,203600,0.167,0.1677,0.1652,0.1665,21378.0
LAUNCHCOINUSDTSWAP,3,20250604,203900,0.1664,0.1668,0.1627,0.1654,68696.24
LAUNCHCOINUSDTSWAP,3,20250604,204200,0.1652,0.1657,0.1636,0.1644,22914.4
LAUNCHCOINUSDTSWAP,3,20250604,204500,0.1644,0.165,0.1619,0.1626,19754.3
LAUNCHCOINUSDTSWAP,3,20250604,204800,0.1627,0.1643,0.1621,0.1636,15610.74
LAUNCHCOINUSDTSWAP,3,20250604,205100,0.1636,0.1697,0.1629,0.1671,42011.33
LAUNCHCOINUSDTSWAP,3,20250604,205400,0.1671,0.1689,0.1663,0.1676,18466.39
LAUNCHCOINUSDTSWAP,3,20250604,205700,0.1676,0.1728,0.1675,0.1712,33932.3
LAUNCHCOINUSDTSWAP,3,20250604,210000,0.1713,0.1757,0.1712,0.1731,52463.88
LAUNCHCOINUSDTSWAP,3,20250604,210300,0.1731,0.1741,0.1702,0.1725,46052.74
LAUNCHCOINUSDTSWAP,3,20250604,210600,0.1726,0.1733,0.1685,0.1689,31418.72
LAUNCHCOINUSDTSWAP,3,20250604,210900,0.169,0.1705,0.1673,0.1681,34718.18
LAUNCHCOINUSDTSWAP,3,20250604,211200,0.1685,0.169,0.166,0.1681,18892.89
LAUNCHCOINUSDTSWAP,3,20250604,211500,0.1681,0.1699,0.168,0.1691,22540.7
LAUNCHCOINUSDTSWAP,3,20250604,211800,0.1693,0.1713,0.1688,0.1695,16564.99
LAUNCHCOINUSDTSWAP,3,20250604,212100,0.1695,0.1708,0.169,0.1693,15706.04
LAUNCHCOINUSDTSWAP,3,20250604,212400,0.1694,0.17,0.1685,0.1688,9371.04
LAUNCHCOINUSDTSWAP,3,20250604,212700,0.1688,0.1717,0.1685,0.1712,16022.5
LAUNCHCOINUSDTSWAP,3,20250604,213000,0.1713,0.1726,0.1695,0.1696,23755.37
LAUNCHCOINUSDTSWAP,3,20250604,213300,0.1697,0.17,0.1686,0.1691,10927.15
LAUNCHCOINUSDTSWAP,3,20250604,213600,0.1693,0.1697,0.1678,0.1688,16595.8
LAUNCHCOINUSDTSWAP,3,20250604,213900,0.169,0.1692,0.1672,0.1677,11466.99
LAUNCHCOINUSDTSWAP,3,20250604,214200,0.168,0.1692,0.1675,0.1683,10950.58
LAUNCHCOINUSDTSWAP,3,20250604,214500,0.1682,0.1685,0.1661,0.1665,14275.47
LAUNCHCOINUSDTSWAP,3,20250604,214800,0.1665,0.1675,0.1637,0.1644,31590.21
LAUNCHCOINUSDTSWAP,3,20250604,215100,0.1645,0.1665,0.1645,0.1652,14916.2
LAUNCHCOINUSDTSWAP,3,20250604,215400,0.1653,0.1656,0.1634,0.1636,11838.46
LAUNCHCOINUSDTSWAP,3,20250604,215700,0.1637,0.1663,0.1636,0.1658,15211.66
LAUNCHCOINUSDTSWAP,3,20250604,220000,0.1659,0.1666,0.1658,0.1664,7597.56
LAUNCHCOINUSDTSWAP,3,20250604,220300,0.1663,0.1673,0.1653,0.1669,4487.44
LAUNCHCOINUSDTSWAP,3,20250604,220600,0.167,0.1704,0.1668,0.1683,27763.58
LAUNCHCOINUSDTSWAP,3,20250604,220900,0.1683,0.169,0.1679,0.169,10738.21
LAUNCHCOINUSDTSWAP,3,20250604,221200,0.169,0.169,0.1652,0.1656,14671.23
LAUNCHCOINUSDTSWAP,3,20250604,221500,0.1657,0.1662,0.1639,0.1651,15361.88
LAUNCHCOINUSDTSWAP,3,20250604,221800,0.1653,0.1653,0.1621,0.1634,20722.67
LAUNCHCOINUSDTSWAP,3,20250604,222100,0.1635,0.1654,0.1635,0.1645,7012.84
LAUNCHCOINUSDTSWAP,3,20250604,222400,0.1644,0.1648,0.1643,0.1643,2186.68