<TICKER>,<PER>,<DATE>,<TIME>,<OPEN>,<HIGH>,<LOW>,<CLOSE>,<VOL>
LDOUSDTSWAP,3,20250604,172700,0.8516,0.8522,0.8494,0.8504,58910.28
LDOUSDTSWAP,3,20250604,173000,0.8503,0.851,0.8496,0.851,13482.36
LDOUSDTSWAP,3,20250604,173300,0.8511,0.8538,0.8507,0.8516,63181.41
LDOUSDTSWAP,3,20250604,173600,0.8515,0.8525,0.8499,0.8504,9542.76
LDOUSDTSWAP,3,20250604,173900,0.8504,0.852,0.8502,0.852,13499.25
LDOUSDTSWAP,3,20250604,174200,0.852,0.8529,0.8506,0.8529,34050.18
LDOUSDTSWAP,3,20250604,174500,0.853,0.8551,0.8519,0.855,62225.5
LDOUSDTSWAP,3,20250604,174800,0.8552,0.8578,0.8528,0.8529,103565.58
LDOUSDTSWAP,3,20250604,175100,0.8529,0.854,0.8506,0.854,66931.33
LDOUSDTSWAP,3,20250604,175400,0.8539,0.8589,0.8538,0.8587,66630.67
LDOUSDTSWAP,3,20250604,175700,0.8587,0.8617,0.8577,0.8612,81962.92
LDOUSDTSWAP,3,20250604,180000,0.8611,0.8625,0.8581,0.8581,76153.96
LDOUSDTSWAP,3,20250604,180300,0.8583,0.8594,0.856,0.8566,78803.1
LDOUSDTSWAP,3,20250604,180600,0.8567,0.8616,0.8563,0.8571,42019.42
LDOUSDTSWAP,3,20250604,180900,0.8572,0.859,0.8571,0.8584,22536.65
LDOUSDTSWAP,3,20250604,181200,0.8583,0.8609,0.8572,0.8596,46779.92
LDOUSDTSWAP,3,20250604,181500,0.8598,0.867,0.8595,0.8657,89757.1
LDOUSDTSWAP,3,20250604,181800,0.8657,0.867,0.8642,0.8649,203551.18
LDOUSDTSWAP,3,20250604,182100,0.865,0.8693,0.8637,0.8679,165687.29
LDOUSDTSWAP,3,20250604,182400,0.8679,0.869,0.8664,0.8664,84455.35
LDOUSDTSWAP,3,20250604,182700,0.8665,0.8682,0.8558,0.858,478742.12
LDOUSDTSWAP,3,20250604,183000,0.8582,0.8588,0.8543,0.8581,125078.36
LDOUSDTSWAP,3,20250604,183300,0.8581,0.8624,0.8578,0.8604,178001.69
LDOUSDTSWAP,3,20250604,183600,0.8603,0.8681,0.8599,0.8675,334876.94
LDOUSDTSWAP,3,20250604,183900,0.8671,0.872,0.8671,0.8715,178045.11
LDOUSDTSWAP,3,20250604,184200,0.8717,0.8759,0.8712,0.8735,313094.59
LDOUSDTSWAP,3,20250604,184500,0.8733,0.8758,0.8716,0.8717,171532.71
LDOUSDTSWAP,3,20250604,184800,0.8721,0.8742,0.8702,0.8734,103397.92
LDOUSDTSWAP,3,20250604,185100,0.8732,0.8898,0.8721,0.8875,774200.08
LDOUSDTSWAP,3,20250604,185400,0.8873,0.9274,0.8867,0.9214,3212412.86
LDOUSDTSWAP,3,20250604,185700,0.9213,0.9325,0.9078,0.909,2751385.06
LDOUSDTSWAP,3,20250604,190000,0.9091,0.9145,0.8967,0.9135,1413188.68
LDOUSDTSWAP,3,20250604,190300,0.9136,0.9207,0.8943,0.8968,1290117.4
LDOUSDTSWAP,3,20250604,190600,0.8969,0.9151,0.8965,0.9018,1285701.67
LDOUSDTSWAP,3,20250604,190900,0.9019,0.9245,0.8986,0.9218,1362765.49
LDOUSDTSWAP,3,20250604,191200,0.9218,0.937,0.9121,0.913,1469877.39
LDOUSDTSWAP,3,20250604,191500,0.9132,0.923,0.9122,0.9165,733979.02
LDOUSDTSWAP,3,20250604,191800,0.9168,0.9268,0.9155,0.9247,543756.83
LDOUSDTSWAP,3,20250604,192100,0.9246,0.9297,0.9173,0.918,703177.72
LDOUSDTSWAP,3,20250604,192400,0.918,0.92,0.9141,0.9159,487480.03
LDOUSDTSWAP,3,20250604,192700,0.9157,0.9196,0.9155,0.9165,337095.73
LDOUSDTSWAP,3,20250604,193000,0.9164,0.919,0.9074,0.9145,566151.0
LDOUSDTSWAP,3,20250604,193300,0.9143,0.9158,0.9117,0.9128,139037.6
LDOUSDTSWAP,3,20250604,193600,0.9127,0.9134,0.9012,0.9044,409859.8
LDOUSDTSWAP,3,20250604,193900,0.9045,0.9106,0.9036,0.9036,344054.61
LDOUSDTSWAP,3,20250604,194200,0.9037,0.906,0.9015,0.904,120066.49
LDOUSDTSWAP,3,20250604,194500,0.9041,0.9072,0.9022,0.9072,159758.99
LDOUSDTSWAP,3,20250604,194800,0.9072,0.9114,0.904,0.9099,116304.85
LDOUSDTSWAP,3,20250604,195100,0.91,0.9155,0.9095,0.9138,146013.14
LDOUSDTSWAP,3,20250604,195400,0.9138,0.9163,0.9114,0.9114,80407.09
LDOUSDTSWAP,3,20250604,195700,0.9114,0.9178,0.9098,0.9169,146571.35
LDOUSDTSWAP,3,20250604,200000,0.9169,0.9212,0.9147,0.9183,196318.38
LDOUSDTSWAP,3,20250604,200300,0.9183,0.9198,0.9113,0.9139,143549.57
LDOUSDTSWAP,3,20250604,200600,0.9139,0.9157,0.9113,0.9129,93278.12
LDOUSDTSWAP,3,20250604,200900,0.9128,0.913,0.9079,0.9094,154081.55
LDOUSDTSWAP,3,20250604,201200,0.9093,0.9127,0.9081,0.9092,90508.08
LDOUSDTSWAP,3,20250604,201500,0.9092,0.9313,0.9092,0.9195,1234052.61
LDOUSDTSWAP,3,20250604,201800,0.9196,0.9265,0.9193,0.9235,202106.01
LDOUSDTSWAP,3,20250604,202100,0.9231,0.9255,0.9153,0.9157,349781.05
LDOUSDTSWAP,3,20250604,202400,0.9158,0.9167,0.9081,0.9089,152807.64
LDOUSDTSWAP,3,20250604,202700,0.909,0.9106,0.9039,0.9045,160182.16
LDOUSDTSWAP,3,20250604,203000,0.9046,0.9056,0.8993,0.9003,301261.65
LDOUSDTSWAP,3,20250604,203300,0.9003,0.9031,0.8985,0.8986,143324.16
LDOUSDTSWAP,3,20250604,203600,0.8986,0.905,0.8953,0.905,166345.24
LDOUSDTSWAP,3,20250604,203900,0.9051,0.9056,0.9001,0.9019,201714.21
LDOUSDTSWAP,3,20250604,204200,0.902,0.9032,0.8981,0.8989,90911.68
LDOUSDTSWAP,3,20250604,204500,0.899,0.9009,0.8979,0.9002,62489.49
LDOUSDTSWAP,3,20250604,204800,0.9002,0.9049,0.8989,0.9005,129687.31
LDOUSDTSWAP,3,20250604,205100,0.9004,0.9063,0.8998,0.9058,81967.01
LDOUSDTSWAP,3,20250604,205400,0.9058,0.9066,0.9014,0.9027,90256.63
LDOUSDTSWAP,3,20250604,205700,0.9025,0.9036,0.9016,0.9032,50151.92
LDOUSDTSWAP,3,20250604,210000,0.9032,0.9058,0.8999,0.9008,199829.39
LDOUSDTSWAP,3,20250604,210300,0.9008,0.9059,0.8996,0.9033,98070.1
LDOUSDTSWAP,3,20250604,210600,0.9033,0.9033,0.8989,0.8998,69886.51
LDOUSDTSWAP,3,20250604,210900,0.8999,0.9023,0.8993,0.9002,40245.33
LDOUSDTSWAP,3,20250604,211200,0.9001,0.9022,0.8978,0.9016,46946.52
LDOUSDTSWAP,3,20250604,211500,0.9016,0.9081,0.9014,0.9075,59778.78
LDOUSDTSWAP,3,20250604,211800,0.9075,0.9143,0.9075,0.9141,186940.46
LDOUSDTSWAP,3,20250604,212100,0.9139,0.9174,0.9138,0.9146,329790.87
LDOUSDTSWAP,3,20250604,212400,0.9146,0.9182,0.9143,0.9177,199430.36
LDOUSDTSWAP,3,20250604,212700,0.9176,0.9194,0.9163,0.9173,223855.86
LDOUSDTSWAP,3,20250604,213000,0.9172,0.9181,0.9127,0.9149,286633.25
LDOUSDTSWAP,3,20250604,213300,0.9148,0.9148,0.9077,0.909,110974.39
LDOUSDTSWAP,3,20250604,213600,0.909,0.9097,0.9074,0.9079,44360.11
LDOUSDTSWAP,3,20250604,213900,0.908,0.9086,0.9051,0.9069,76140.34
LDOUSDTSWAP,3,20250604,214200,0.9069,0.9096,0.9062,0.9073,47395.5
LDOUSDTSWAP,3,20250604,214500,0.9074,0.9094,0.9056,0.9091,133062.95
LDOUSDTSWAP,3,20250604,214800,0.9091,0.9126,0.9059,0.9061,143084.16
LDOUSDTSWAP,3,20250604,215100,0.9062,0.907,0.9036,0.9069,119448.03
LDOUSDTSWAP,3,20250604,215400,0.9071,0.9079,0.9024,0.9057,77460.9
LDOUSDTSWAP,3,20250604,215700,0.9058,0.9078,0.9058,0.9064,64636.08
LDOUSDTSWAP,3,20250604,220000,0.9064,0.9109,0.9053,0.9095,182696.7
LDOUSDTSWAP,3,20250604,220300,0.9095,0.9132,0.9089,0.9131,120589.7
LDOUSDTSWAP,3,20250604,220600,0.9132,0.914,0.9036,0.9048,107161.28
LDOUSDTSWAP,3,20250604,220900,0.9051,0.9052,0.8971,0.8986,250633.05
LDOUSDTSWAP,3,20250604,221200,0.8987,0.9003,0.8981,0.9002,144847.97
LDOUSDTSWAP,3,20250604,221500,0.9001,0.9025,0.8968,0.9025,250451.02
LDOUSDTSWAP,3,20250604,221800,0.9025,0.9066,0.9025,0.9058,43041.13
LDOUSDTSWAP,3,20250604,222100,0.9061,0.9088,0.9058,0.9068,50164.41
LDOUSDTSWAP,3,20250604,222400,0.9067,0.9074,0.9058,0.9074,18239.18