<TICKER>,<PER>,<DATE>,<TIME>,<OPEN>,<HIGH>,<LOW>,<CLOSE>,<VOL>
LDOUSDTSWAP,1440,20250225,030000,1.4106,1.452,1.2813,1.4095,64756294.3
LDOUSDTSWAP,1440,20250226,030000,1.4096,1.4355,1.2845,1.3488,42069338.62
LDOUSDTSWAP,1440,20250227,030000,1.3489,1.4138,1.3033,1.3509,27240541.8
LDOUSDTSWAP,1440,20250228,030000,1.351,1.3564,1.1723,1.2705,50370752.9
LDOUSDTSWAP,1440,20250301,030000,1.2707,1.2831,1.1853,1.2495,22906905.09
LDOUSDTSWAP,1440,20250302,030000,1.2496,1.4035,1.2084,1.375,42582715.42
LDOUSDTSWAP,1440,20250303,030000,1.3751,1.3784,1.0957,1.1007,44439853.38
LDOUSDTSWAP,1440,20250304,030000,1.1007,1.1128,0.9624,1.0826,56190205.56
LDOUSDTSWAP,1440,20250305,030000,1.0826,1.1874,1.0782,1.1772,24622220.28
LDOUSDTSWAP,1440,20250306,030000,1.1772,1.2305,1.1463,1.1485,22837461.04
LDOUSDTSWAP,1440,20250307,030000,1.1487,1.1745,1.0621,1.0692,30438020.56
LDOUSDTSWAP,1440,20250308,030000,1.0692,1.0867,1.0323,1.0701,14063405.72
LDOUSDTSWAP,1440,20250309,030000,1.0701,1.0762,0.9817,0.991,21493688.31
LDOUSDTSWAP,1440,20250310,030000,0.9911,1.0563,0.87,0.8939,32167151.51
LDOUSDTSWAP,1440,20250311,030000,0.894,0.977,0.8101,0.9244,61418415.07
LDOUSDTSWAP,1440,20250312,030000,0.9244,0.9606,0.8726,0.9206,28161889.45
LDOUSDTSWAP,1440,20250313,030000,0.9206,0.9284,0.8613,0.9008,18872585.39
LDOUSDTSWAP,1440,20250314,030000,0.9009,0.962,0.8987,0.9523,17094923.45
LDOUSDTSWAP,1440,20250315,030000,0.9522,0.9786,0.9415,0.9621,9814977.66
LDOUSDTSWAP,1440,20250316,030000,0.9621,0.9634,0.9026,0.9228,12969110.89
LDOUSDTSWAP,1440,20250317,030000,0.9229,0.9987,0.9209,0.9619,21473161.37
LDOUSDTSWAP,1440,20250318,030000,0.9622,0.9643,0.8983,0.9496,13586396.78
LDOUSDTSWAP,1440,20250319,030000,0.9496,1.0637,0.9408,1.0382,34495578.88
LDOUSDTSWAP,1440,20250320,030000,1.038,1.0452,0.9872,1.02,16144742.68
LDOUSDTSWAP,1440,20250321,030000,1.02,1.0299,0.9745,0.992,12588353.46
LDOUSDTSWAP,1440,20250322,030000,0.9922,1.0388,0.9903,1.0148,13701839.48
LDOUSDTSWAP,1440,20250323,030000,1.0147,1.0569,1.0107,1.0394,12045926.83
LDOUSDTSWAP,1440,20250324,030000,1.0394,1.0895,1.0155,1.0737,18977513.83
LDOUSDTSWAP,1440,20250325,030000,1.0735,1.0966,1.0446,1.0597,15428241.09
LDOUSDTSWAP,1440,20250326,030000,1.0599,1.0879,1.0039,1.023,16312699.38
LDOUSDTSWAP,1440,20250327,030000,1.0229,1.0632,1.0127,1.0146,11732595.49
LDOUSDTSWAP,1440,20250328,030000,1.0147,1.0297,0.906,0.9281,22319528.92
LDOUSDTSWAP,1440,20250329,030000,0.9282,0.9559,0.8548,0.8734,16817435.76
LDOUSDTSWAP,1440,20250330,030000,0.8734,0.8844,0.8428,0.8586,10685464.7
LDOUSDTSWAP,1440,20250331,030000,0.8587,0.8818,0.8382,0.8737,13797534.93
LDOUSDTSWAP,1440,20250401,030000,0.8735,0.9196,0.8706,0.8996,11802545.07
LDOUSDTSWAP,1440,20250402,030000,0.8995,0.9065,0.8041,0.8109,17330876.08
LDOUSDTSWAP,1440,20250403,030000,0.8109,0.8462,0.7771,0.8329,10994060.56
LDOUSDTSWAP,1440,20250404,030000,0.8327,0.8581,0.8022,0.8378,14015536.76
LDOUSDTSWAP,1440,20250405,030000,0.8376,0.8481,0.8154,0.8254,4344262.66
LDOUSDTSWAP,1440,20250406,030000,0.8254,0.8295,0.6707,0.6934,20058138.67
LDOUSDTSWAP,1440,20250407,030000,0.6936,0.7431,0.6175,0.6927,31771556.94
LDOUSDTSWAP,1440,20250408,030000,0.6928,0.7161,0.6164,0.629,27564565.23
LDOUSDTSWAP,1440,20250409,030000,0.6292,0.7414,0.6117,0.7398,29467920.08
LDOUSDTSWAP,1440,20250410,030000,0.7398,0.7404,0.6895,0.7127,17243076.41
LDOUSDTSWAP,1440,20250411,030000,0.7126,0.7419,0.7046,0.7315,12449289.46
LDOUSDTSWAP,1440,20250412,030000,0.7315,0.7695,0.718,0.7561,10516094.47
LDOUSDTSWAP,1440,20250413,030000,0.7562,0.7758,0.7033,0.7207,19608578.31
LDOUSDTSWAP,1440,20250414,030000,0.7207,0.7909,0.6977,0.7069,35322944.08
LDOUSDTSWAP,1440,20250415,030000,0.707,0.7322,0.6769,0.6853,21414098.88
LDOUSDTSWAP,1440,20250416,030000,0.6851,0.7004,0.6554,0.6853,17701341.13
LDOUSDTSWAP,1440,20250417,030000,0.6852,0.7098,0.6695,0.6836,13789795.95
LDOUSDTSWAP,1440,20250418,030000,0.6835,0.701,0.6745,0.6994,6767927.46
LDOUSDTSWAP,1440,20250419,030000,0.6994,0.7209,0.692,0.7104,8077472.01
LDOUSDTSWAP,1440,20250420,030000,0.7104,0.7269,0.699,0.7161,7832633.84
LDOUSDTSWAP,1440,20250421,030000,0.7161,0.7518,0.7046,0.7133,13791686.42
LDOUSDTSWAP,1440,20250422,030000,0.7132,0.7864,0.6939,0.783,21621926.07
LDOUSDTSWAP,1440,20250423,030000,0.7832,0.8281,0.7797,0.8122,23856451.35
LDOUSDTSWAP,1440,20250424,030000,0.8122,0.852,0.7826,0.8377,21021961.43
LDOUSDTSWAP,1440,20250425,030000,0.8377,0.8678,0.812,0.8536,18556852.7
LDOUSDTSWAP,1440,20250426,030000,0.8536,0.8863,0.84,0.8685,14435680.3
LDOUSDTSWAP,1440,20250427,030000,0.8685,0.9005,0.8318,0.8348,13869087.79
LDOUSDTSWAP,1440,20250428,030000,0.8348,0.8745,0.8112,0.8391,17341337.97
LDOUSDTSWAP,1440,20250429,030000,0.8392,0.8669,0.8139,0.8264,13949039.74
LDOUSDTSWAP,1440,20250430,030000,0.8262,0.8486,0.7891,0.8295,11497875.92
LDOUSDTSWAP,1440,20250501,030000,0.8295,0.8745,0.8285,0.8565,10655723.82
LDOUSDTSWAP,1440,20250502,030000,0.8566,0.8778,0.8402,0.8597,9602724.99
LDOUSDTSWAP,1440,20250503,030000,0.8597,0.8612,0.8008,0.8218,8158767.92
LDOUSDTSWAP,1440,20250504,030000,0.8217,0.8331,0.7926,0.7986,7893538.62
LDOUSDTSWAP,1440,20250505,030000,0.7987,0.825,0.7699,0.7847,13036780.75
LDOUSDTSWAP,1440,20250506,030000,0.7847,0.7883,0.7392,0.7782,14174383.72
LDOUSDTSWAP,1440,20250507,030000,0.7783,0.8005,0.7524,0.7799,13590304.91
LDOUSDTSWAP,1440,20250508,030000,0.78,0.9659,0.7793,0.9649,21790636.14
LDOUSDTSWAP,1440,20250509,030000,0.9648,1.07,0.9502,1.031,40885885.32
LDOUSDTSWAP,1440,20250510,030000,1.0309,1.1784,1.0129,1.163,29173119.52
LDOUSDTSWAP,1440,20250511,030000,1.1628,1.1782,1.0727,1.0971,28056465.15
LDOUSDTSWAP,1440,20250512,030000,1.0973,1.1653,1.0254,1.0777,39070705.21
LDOUSDTSWAP,1440,20250513,030000,1.0779,1.1684,1.0106,1.1505,29591857.1
LDOUSDTSWAP,1440,20250514,030000,1.1506,1.1761,1.0483,1.0601,24359093.71
LDOUSDTSWAP,1440,20250515,030000,1.0602,1.077,0.9584,0.9867,27220463.25
LDOUSDTSWAP,1440,20250516,030000,0.9868,1.0147,0.9503,0.9611,16465711.25
LDOUSDTSWAP,1440,20250517,030000,0.9608,0.9637,0.9011,0.912,15767251.64
LDOUSDTSWAP,1440,20250518,030000,0.9121,0.978,0.857,0.9414,28551226.42
LDOUSDTSWAP,1440,20250519,030000,0.9417,0.9517,0.8578,0.8985,27906714.48
LDOUSDTSWAP,1440,20250520,030000,0.8985,0.9275,0.8472,0.8691,22866249.06
LDOUSDTSWAP,1440,20250521,030000,0.8692,0.9423,0.8621,0.8993,32645742.16
LDOUSDTSWAP,1440,20250522,030000,0.8995,0.9846,0.8975,0.9654,28202037.89
LDOUSDTSWAP,1440,20250523,030000,0.9656,1.0137,0.8525,0.8585,49213452.28
LDOUSDTSWAP,1440,20250524,030000,0.8587,0.8782,0.8517,0.8722,12084246.38
LDOUSDTSWAP,1440,20250525,030000,0.8721,0.8765,0.8285,0.8737,16046927.79
LDOUSDTSWAP,1440,20250526,030000,0.8738,0.8999,0.863,0.8841,18305873.2
LDOUSDTSWAP,1440,20250527,030000,0.884,0.9498,0.8573,0.9096,28491801.78
LDOUSDTSWAP,1440,20250528,030000,0.9095,0.9427,0.8783,0.9355,30800264.79
LDOUSDTSWAP,1440,20250529,030000,0.9355,1.0114,0.8942,0.9022,59702544.47
LDOUSDTSWAP,1440,20250530,030000,0.9022,1.0174,0.8027,0.814,114498514.16
LDOUSDTSWAP,1440,20250531,030000,0.8139,0.8593,0.776,0.8312,39307965.46
LDOUSDTSWAP,1440,20250601,030000,0.8312,0.8739,0.8149,0.8551,26389601.73
LDOUSDTSWAP,1440,20250602,030000,0.8551,0.8945,0.8131,0.8712,32207878.5
LDOUSDTSWAP,1440,20250603,030000,0.8714,0.8947,0.8395,0.8446,32644744.07
LDOUSDTSWAP,1440,20250604,030000,0.8445,0.937,0.8401,0.9073,42372104.3