<TICKER>,<PER>,<DATE>,<TIME>,<OPEN>,<HIGH>,<LOW>,<CLOSE>,<VOL>
LOOKSUSDTSWAP,3,20250604,172700,0.01391,0.01391,0.01389,0.01389,201.72
LOOKSUSDTSWAP,3,20250604,173000,0.0139,0.01393,0.0139,0.01392,2258.14
LOOKSUSDTSWAP,3,20250604,173300,0.01393,0.01396,0.01392,0.01394,1613.94
LOOKSUSDTSWAP,3,20250604,173600,0.01394,0.01394,0.0139,0.01391,3117.39
LOOKSUSDTSWAP,3,20250604,173900,0.01389,0.01391,0.01389,0.01391,457.37
LOOKSUSDTSWAP,3,20250604,174200,0.01391,0.01392,0.0139,0.01392,188.66
LOOKSUSDTSWAP,3,20250604,174500,0.01393,0.01394,0.0139,0.01394,1145.95
LOOKSUSDTSWAP,3,20250604,174800,0.01394,0.01401,0.01394,0.01395,2391.83
LOOKSUSDTSWAP,3,20250604,175100,0.01396,0.01396,0.01392,0.01395,1115.15
LOOKSUSDTSWAP,3,20250604,175400,0.01396,0.01402,0.01396,0.01402,1822.49
LOOKSUSDTSWAP,3,20250604,175700,0.01401,0.01408,0.01401,0.01407,4107.58
LOOKSUSDTSWAP,3,20250604,180000,0.01407,0.01409,0.01404,0.01407,5308.84
LOOKSUSDTSWAP,3,20250604,180300,0.01407,0.01407,0.01405,0.01407,1731.54
LOOKSUSDTSWAP,3,20250604,180600,0.01406,0.01414,0.01403,0.01408,9420.42
LOOKSUSDTSWAP,3,20250604,180900,0.01408,0.01412,0.01407,0.01411,443.8
LOOKSUSDTSWAP,3,20250604,181200,0.01411,0.01413,0.0141,0.01411,1099.51
LOOKSUSDTSWAP,3,20250604,181500,0.0141,0.01416,0.0141,0.01414,13842.45
LOOKSUSDTSWAP,3,20250604,181800,0.01413,0.01422,0.01412,0.01418,5088.72
LOOKSUSDTSWAP,3,20250604,182100,0.01418,0.0142,0.01415,0.01418,7709.07
LOOKSUSDTSWAP,3,20250604,182400,0.01418,0.01426,0.01418,0.01425,4144.73
LOOKSUSDTSWAP,3,20250604,182700,0.01424,0.01428,0.0142,0.0142,9245.28
LOOKSUSDTSWAP,3,20250604,183000,0.0142,0.01421,0.01415,0.0142,1918.69
LOOKSUSDTSWAP,3,20250604,183300,0.0142,0.01421,0.01418,0.01418,1443.63
LOOKSUSDTSWAP,3,20250604,183600,0.01419,0.0143,0.01419,0.0143,4615.57
LOOKSUSDTSWAP,3,20250604,183900,0.01429,0.01431,0.01427,0.01427,4467.4
LOOKSUSDTSWAP,3,20250604,184200,0.01428,0.01429,0.01426,0.01426,974.32
LOOKSUSDTSWAP,3,20250604,184500,0.01426,0.01427,0.01418,0.01419,4248.95
LOOKSUSDTSWAP,3,20250604,184800,0.01421,0.01421,0.01417,0.01419,3965.03
LOOKSUSDTSWAP,3,20250604,185100,0.0142,0.01423,0.0142,0.01421,982.38
LOOKSUSDTSWAP,3,20250604,185400,0.0142,0.01425,0.0142,0.01425,3526.17
LOOKSUSDTSWAP,3,20250604,185700,0.01424,0.01425,0.01422,0.01422,1333.83
LOOKSUSDTSWAP,3,20250604,190000,0.01423,0.01424,0.01421,0.01421,1052.45
LOOKSUSDTSWAP,3,20250604,190300,0.01421,0.01422,0.01417,0.01419,2039.55
LOOKSUSDTSWAP,3,20250604,190600,0.01418,0.01418,0.01415,0.01415,757.07
LOOKSUSDTSWAP,3,20250604,190900,0.01416,0.01421,0.01416,0.0142,886.69
LOOKSUSDTSWAP,3,20250604,191200,0.01421,0.01421,0.01418,0.01419,1988.43
LOOKSUSDTSWAP,3,20250604,191500,0.01419,0.01421,0.01416,0.01419,4706.21
LOOKSUSDTSWAP,3,20250604,191800,0.01418,0.01419,0.01415,0.01419,1892.51
LOOKSUSDTSWAP,3,20250604,192100,0.01418,0.01423,0.01413,0.01413,3316.77
LOOKSUSDTSWAP,3,20250604,192400,0.01415,0.01417,0.01413,0.01417,673.57
LOOKSUSDTSWAP,3,20250604,192700,0.01417,0.01423,0.01416,0.01421,5548.24
LOOKSUSDTSWAP,3,20250604,193000,0.0142,0.01422,0.01417,0.01422,1793.9
LOOKSUSDTSWAP,3,20250604,193300,0.01423,0.01426,0.01422,0.01424,2794.66
LOOKSUSDTSWAP,3,20250604,193600,0.01425,0.01426,0.01424,0.01426,2876.72
LOOKSUSDTSWAP,3,20250604,193900,0.01426,0.0143,0.01424,0.01427,4908.01
LOOKSUSDTSWAP,3,20250604,194200,0.01426,0.01426,0.01423,0.01423,532.38
LOOKSUSDTSWAP,3,20250604,194500,0.01423,0.01426,0.01421,0.01425,4503.7
LOOKSUSDTSWAP,3,20250604,194800,0.01426,0.01427,0.01422,0.01426,3829.64
LOOKSUSDTSWAP,3,20250604,195100,0.01425,0.01429,0.01424,0.01426,8103.25
LOOKSUSDTSWAP,3,20250604,195400,0.01426,0.01428,0.01426,0.01426,2459.18
LOOKSUSDTSWAP,3,20250604,195700,0.01427,0.01435,0.01426,0.01435,10930.32
LOOKSUSDTSWAP,3,20250604,200000,0.01433,0.01433,0.01427,0.01427,2776.77
LOOKSUSDTSWAP,3,20250604,200300,0.01427,0.01427,0.01422,0.01423,1304.39
LOOKSUSDTSWAP,3,20250604,200600,0.01423,0.01423,0.01421,0.01422,342.74
LOOKSUSDTSWAP,3,20250604,200900,0.01423,0.01424,0.01417,0.01421,4584.18
LOOKSUSDTSWAP,3,20250604,201200,0.0142,0.0142,0.01414,0.01414,1549.33
LOOKSUSDTSWAP,3,20250604,201500,0.01415,0.01416,0.01411,0.01413,1468.43
LOOKSUSDTSWAP,3,20250604,201800,0.01414,0.01414,0.01405,0.01409,7057.57
LOOKSUSDTSWAP,3,20250604,202100,0.0141,0.01411,0.01407,0.01407,1676.63
LOOKSUSDTSWAP,3,20250604,202400,0.01408,0.01408,0.014,0.01402,7982.23
LOOKSUSDTSWAP,3,20250604,202700,0.01403,0.01407,0.01399,0.01399,3292.53
LOOKSUSDTSWAP,3,20250604,203000,0.014,0.014,0.01389,0.01395,18054.68
LOOKSUSDTSWAP,3,20250604,203300,0.01395,0.01399,0.01393,0.01396,2531.62
LOOKSUSDTSWAP,3,20250604,203600,0.01396,0.01396,0.01391,0.01395,3802.48
LOOKSUSDTSWAP,3,20250604,203900,0.01396,0.01396,0.01386,0.01394,10809.34
LOOKSUSDTSWAP,3,20250604,204200,0.01393,0.01394,0.01389,0.01391,868.3
LOOKSUSDTSWAP,3,20250604,204500,0.0139,0.01395,0.01385,0.01389,8377.2
LOOKSUSDTSWAP,3,20250604,204800,0.0139,0.01394,0.01388,0.0139,4918.26
LOOKSUSDTSWAP,3,20250604,205100,0.01391,0.01394,0.01389,0.01393,1342.79
LOOKSUSDTSWAP,3,20250604,205400,0.01393,0.01395,0.01392,0.01393,1438.75
LOOKSUSDTSWAP,3,20250604,205700,0.01393,0.01396,0.01393,0.01395,919.48
LOOKSUSDTSWAP,3,20250604,210000,0.01394,0.01398,0.01393,0.01398,3160.28
LOOKSUSDTSWAP,3,20250604,210300,0.01396,0.014,0.01396,0.014,1837.99
LOOKSUSDTSWAP,3,20250604,210600,0.01399,0.01402,0.01394,0.01394,3877.94
LOOKSUSDTSWAP,3,20250604,210900,0.01395,0.01397,0.01394,0.01396,930.62
LOOKSUSDTSWAP,3,20250604,211200,0.01397,0.01397,0.01394,0.01396,443.52
LOOKSUSDTSWAP,3,20250604,211500,0.01396,0.01397,0.01394,0.01395,575.98
LOOKSUSDTSWAP,3,20250604,211800,0.01396,0.014,0.01395,0.014,833.61
LOOKSUSDTSWAP,3,20250604,212100,0.014,0.01402,0.014,0.014,417.8
LOOKSUSDTSWAP,3,20250604,212400,0.01402,0.01402,0.014,0.01401,567.61
LOOKSUSDTSWAP,3,20250604,212700,0.01402,0.01405,0.01402,0.01403,1025.96
LOOKSUSDTSWAP,3,20250604,213000,0.01404,0.01405,0.014,0.01402,2065.69
LOOKSUSDTSWAP,3,20250604,213300,0.01401,0.01401,0.01398,0.01399,434.46
LOOKSUSDTSWAP,3,20250604,213600,0.01399,0.014,0.01398,0.01399,237.1
LOOKSUSDTSWAP,3,20250604,213900,0.01399,0.014,0.01398,0.01399,434.14
LOOKSUSDTSWAP,3,20250604,214200,0.014,0.01402,0.01398,0.01401,378.55
LOOKSUSDTSWAP,3,20250604,214500,0.01401,0.01403,0.014,0.01401,904.53
LOOKSUSDTSWAP,3,20250604,214800,0.01402,0.01405,0.01401,0.01401,401.72
LOOKSUSDTSWAP,3,20250604,215100,0.01401,0.01401,0.01396,0.01397,3819.24
LOOKSUSDTSWAP,3,20250604,215400,0.01397,0.01397,0.01394,0.01396,1431.45
LOOKSUSDTSWAP,3,20250604,215700,0.01395,0.01397,0.0139,0.01394,2711.02
LOOKSUSDTSWAP,3,20250604,220000,0.01394,0.01395,0.01393,0.01394,611.3
LOOKSUSDTSWAP,3,20250604,220300,0.01394,0.01397,0.01392,0.01395,2165.61
LOOKSUSDTSWAP,3,20250604,220600,0.01396,0.01396,0.01391,0.01393,2562.27
LOOKSUSDTSWAP,3,20250604,220900,0.01393,0.01393,0.0139,0.01392,335.02
LOOKSUSDTSWAP,3,20250604,221200,0.01392,0.01393,0.01389,0.01391,535.02
LOOKSUSDTSWAP,3,20250604,221500,0.0139,0.0139,0.01381,0.01388,5800.5
LOOKSUSDTSWAP,3,20250604,221800,0.01389,0.01394,0.01389,0.01392,741.59
LOOKSUSDTSWAP,3,20250604,222100,0.01392,0.01393,0.01392,0.01393,414.65
LOOKSUSDTSWAP,3,20250604,222400,0.01393,0.01393,0.01392,0.01392,151.81