<TICKER>,<PER>,<DATE>,<TIME>,<OPEN>,<HIGH>,<LOW>,<CLOSE>,<VOL>
LOOKSUSDTSWAP,60,20250531,190000,0.01344,0.01359,0.01331,0.01358,85573.21
LOOKSUSDTSWAP,60,20250531,200000,0.01357,0.01364,0.01335,0.01338,44864.96
LOOKSUSDTSWAP,60,20250531,210000,0.01339,0.01365,0.01336,0.01363,25583.43
LOOKSUSDTSWAP,60,20250531,220000,0.01363,0.01374,0.01362,0.01373,36252.26
LOOKSUSDTSWAP,60,20250531,230000,0.01372,0.01381,0.01366,0.0138,45193.69
LOOKSUSDTSWAP,60,20250601,000000,0.01379,0.0139,0.01373,0.01378,42185.02
LOOKSUSDTSWAP,60,20250601,010000,0.01379,0.01384,0.01368,0.01374,21029.53
LOOKSUSDTSWAP,60,20250601,020000,0.01374,0.01384,0.01362,0.01365,64171.24
LOOKSUSDTSWAP,60,20250601,030000,0.01365,0.01377,0.01355,0.01373,59060.07
LOOKSUSDTSWAP,60,20250601,040000,0.01373,0.01375,0.01357,0.01363,38370.17
LOOKSUSDTSWAP,60,20250601,050000,0.01362,0.01372,0.01347,0.01368,75833.14
LOOKSUSDTSWAP,60,20250601,060000,0.01369,0.0137,0.01355,0.01365,22367.46
LOOKSUSDTSWAP,60,20250601,070000,0.01365,0.01406,0.01364,0.01399,102682.92
LOOKSUSDTSWAP,60,20250601,080000,0.014,0.01404,0.0138,0.01391,52185.15
LOOKSUSDTSWAP,60,20250601,090000,0.01391,0.01404,0.01387,0.01392,24334.54
LOOKSUSDTSWAP,60,20250601,100000,0.01391,0.01406,0.01382,0.01401,42063.46
LOOKSUSDTSWAP,60,20250601,110000,0.01401,0.01401,0.01375,0.01384,47004.19
LOOKSUSDTSWAP,60,20250601,120000,0.01384,0.01391,0.01343,0.01355,114377.93
LOOKSUSDTSWAP,60,20250601,130000,0.01356,0.01361,0.01337,0.01343,76998.14
LOOKSUSDTSWAP,60,20250601,140000,0.01342,0.01351,0.01331,0.01346,54189.01
LOOKSUSDTSWAP,60,20250601,150000,0.01345,0.01351,0.01321,0.01341,71833.61
LOOKSUSDTSWAP,60,20250601,160000,0.01341,0.01365,0.01337,0.01358,53157.07
LOOKSUSDTSWAP,60,20250601,170000,0.01357,0.01403,0.01356,0.01379,106610.33
LOOKSUSDTSWAP,60,20250601,180000,0.01378,0.01385,0.01368,0.01378,54668.13
LOOKSUSDTSWAP,60,20250601,190000,0.01379,0.01426,0.01373,0.01414,176061.05
LOOKSUSDTSWAP,60,20250601,200000,0.01412,0.01444,0.01357,0.01386,688592.3
LOOKSUSDTSWAP,60,20250601,210000,0.01386,0.01393,0.01361,0.0138,105231.48
LOOKSUSDTSWAP,60,20250601,220000,0.0138,0.0139,0.01365,0.01377,59801.75
LOOKSUSDTSWAP,60,20250601,230000,0.01377,0.01394,0.01368,0.01383,95925.57
LOOKSUSDTSWAP,60,20250602,000000,0.01384,0.01399,0.01382,0.01398,23678.41
LOOKSUSDTSWAP,60,20250602,010000,0.01397,0.01408,0.01397,0.01403,20784.93
LOOKSUSDTSWAP,60,20250602,020000,0.01403,0.01415,0.01402,0.01405,26414.62
LOOKSUSDTSWAP,60,20250602,030000,0.01405,0.01416,0.01394,0.01403,63459.28
LOOKSUSDTSWAP,60,20250602,040000,0.01403,0.01417,0.01398,0.014,56195.31
LOOKSUSDTSWAP,60,20250602,050000,0.01401,0.0141,0.01386,0.01391,79004.16
LOOKSUSDTSWAP,60,20250602,060000,0.01391,0.01395,0.01361,0.01383,109016.55
LOOKSUSDTSWAP,60,20250602,070000,0.01383,0.01391,0.01375,0.01378,26900.07
LOOKSUSDTSWAP,60,20250602,080000,0.01378,0.01388,0.01362,0.01375,66321.64
LOOKSUSDTSWAP,60,20250602,090000,0.01375,0.01428,0.01373,0.01414,346367.49
LOOKSUSDTSWAP,60,20250602,100000,0.01415,0.01425,0.01397,0.01401,122555.19
LOOKSUSDTSWAP,60,20250602,110000,0.01401,0.01419,0.01391,0.01398,41328.66
LOOKSUSDTSWAP,60,20250602,120000,0.01397,0.01398,0.01367,0.01372,127471.3
LOOKSUSDTSWAP,60,20250602,130000,0.01371,0.01388,0.01362,0.01384,70323.5
LOOKSUSDTSWAP,60,20250602,140000,0.01384,0.01395,0.01373,0.0138,126820.93
LOOKSUSDTSWAP,60,20250602,150000,0.01381,0.01396,0.01373,0.01388,90152.47
LOOKSUSDTSWAP,60,20250602,160000,0.01387,0.01399,0.01376,0.01382,53964.51
LOOKSUSDTSWAP,60,20250602,170000,0.01382,0.01394,0.01376,0.01387,92460.21
LOOKSUSDTSWAP,60,20250602,180000,0.01387,0.01405,0.01376,0.014,71098.19
LOOKSUSDTSWAP,60,20250602,190000,0.01401,0.01403,0.01379,0.01394,67348.58
LOOKSUSDTSWAP,60,20250602,200000,0.01394,0.01398,0.01368,0.01388,155697.5
LOOKSUSDTSWAP,60,20250602,210000,0.01386,0.01398,0.01372,0.01374,43508.06
LOOKSUSDTSWAP,60,20250602,220000,0.01375,0.01379,0.01345,0.01364,232957.51
LOOKSUSDTSWAP,60,20250602,230000,0.01364,0.01408,0.01364,0.01405,88285.99
LOOKSUSDTSWAP,60,20250603,000000,0.01405,0.01424,0.01405,0.01422,69506.24
LOOKSUSDTSWAP,60,20250603,010000,0.01422,0.01448,0.01421,0.01431,89286.6
LOOKSUSDTSWAP,60,20250603,020000,0.01431,0.01433,0.01411,0.01419,111512.33
LOOKSUSDTSWAP,60,20250603,030000,0.01419,0.01459,0.01416,0.01447,130019.41
LOOKSUSDTSWAP,60,20250603,040000,0.01447,0.01468,0.01436,0.01461,120792.97
LOOKSUSDTSWAP,60,20250603,050000,0.01461,0.01468,0.01442,0.01449,70012.67
LOOKSUSDTSWAP,60,20250603,060000,0.01448,0.01452,0.01428,0.01441,77263.37
LOOKSUSDTSWAP,60,20250603,070000,0.01442,0.01446,0.01422,0.01432,80471.99
LOOKSUSDTSWAP,60,20250603,080000,0.01431,0.01443,0.0143,0.0144,56925.81
LOOKSUSDTSWAP,60,20250603,090000,0.01439,0.01445,0.01429,0.0144,45700.67
LOOKSUSDTSWAP,60,20250603,100000,0.01439,0.01441,0.01427,0.01427,15190.99
LOOKSUSDTSWAP,60,20250603,110000,0.01427,0.0143,0.01408,0.01425,57728.7
LOOKSUSDTSWAP,60,20250603,120000,0.01425,0.01438,0.01418,0.01436,48527.62
LOOKSUSDTSWAP,60,20250603,130000,0.01436,0.01438,0.01426,0.01429,44835.98
LOOKSUSDTSWAP,60,20250603,140000,0.01429,0.01443,0.01424,0.01429,68284.16
LOOKSUSDTSWAP,60,20250603,150000,0.0143,0.01433,0.0142,0.01423,54303.36
LOOKSUSDTSWAP,60,20250603,160000,0.01423,0.01443,0.01422,0.01432,109967.06
LOOKSUSDTSWAP,60,20250603,170000,0.01433,0.01449,0.01426,0.01449,98962.26
LOOKSUSDTSWAP,60,20250603,180000,0.01449,0.01454,0.0143,0.01436,111044.03
LOOKSUSDTSWAP,60,20250603,190000,0.01437,0.0144,0.01422,0.01424,81237.63
LOOKSUSDTSWAP,60,20250603,200000,0.01424,0.01443,0.01424,0.01429,56992.47
LOOKSUSDTSWAP,60,20250603,210000,0.01429,0.01429,0.01408,0.01414,57749.65
LOOKSUSDTSWAP,60,20250603,220000,0.01415,0.01439,0.01415,0.01428,36183.02
LOOKSUSDTSWAP,60,20250603,230000,0.01427,0.01428,0.01396,0.01411,78617.31
LOOKSUSDTSWAP,60,20250604,000000,0.01411,0.01414,0.01397,0.01404,79002.19
LOOKSUSDTSWAP,60,20250604,010000,0.01403,0.01418,0.01401,0.01415,41650.27
LOOKSUSDTSWAP,60,20250604,020000,0.01415,0.01418,0.01402,0.01406,31213.99
LOOKSUSDTSWAP,60,20250604,030000,0.01405,0.01413,0.01391,0.01405,58896.41
LOOKSUSDTSWAP,60,20250604,040000,0.01406,0.01421,0.01405,0.0141,64350.79
LOOKSUSDTSWAP,60,20250604,050000,0.0141,0.01416,0.01395,0.01395,51915.35
LOOKSUSDTSWAP,60,20250604,060000,0.01396,0.01413,0.01394,0.01407,36267.73
LOOKSUSDTSWAP,60,20250604,070000,0.01408,0.0141,0.01398,0.01401,47379.0
LOOKSUSDTSWAP,60,20250604,080000,0.01402,0.01412,0.014,0.01404,45243.18
LOOKSUSDTSWAP,60,20250604,090000,0.01404,0.01407,0.01393,0.01398,39350.01
LOOKSUSDTSWAP,60,20250604,100000,0.01398,0.01403,0.01376,0.01386,108729.37
LOOKSUSDTSWAP,60,20250604,110000,0.01386,0.01409,0.01385,0.01402,58031.49
LOOKSUSDTSWAP,60,20250604,120000,0.01403,0.01413,0.01391,0.0141,44231.16
LOOKSUSDTSWAP,60,20250604,130000,0.01409,0.01431,0.01401,0.01409,86472.5
LOOKSUSDTSWAP,60,20250604,140000,0.01409,0.01413,0.01383,0.01385,80770.9
LOOKSUSDTSWAP,60,20250604,150000,0.01385,0.01393,0.01368,0.01379,72788.97
LOOKSUSDTSWAP,60,20250604,160000,0.01378,0.0141,0.01372,0.01388,60855.42
LOOKSUSDTSWAP,60,20250604,170000,0.01388,0.01408,0.01371,0.01407,68721.59
LOOKSUSDTSWAP,60,20250604,180000,0.01407,0.01431,0.01403,0.01422,84954.42
LOOKSUSDTSWAP,60,20250604,190000,0.01423,0.01435,0.01413,0.01435,65597.95
LOOKSUSDTSWAP,60,20250604,200000,0.01433,0.01433,0.01385,0.01395,86931.3
LOOKSUSDTSWAP,60,20250604,210000,0.01394,0.01405,0.0139,0.01394,26406.36
LOOKSUSDTSWAP,60,20250604,220000,0.01394,0.01397,0.01381,0.01391,13500.35