<TICKER>,<PER>,<DATE>,<TIME>,<OPEN>,<HIGH>,<LOW>,<CLOSE>,<VOL>
LRCUSDTSWAP,60,20250531,190000,0.08545,0.08664,0.08528,0.08615,2201.53
LRCUSDTSWAP,60,20250531,200000,0.08615,0.08628,0.08522,0.08529,1522.44
LRCUSDTSWAP,60,20250531,210000,0.08527,0.08593,0.08518,0.08589,1721.77
LRCUSDTSWAP,60,20250531,220000,0.08587,0.08614,0.08571,0.08581,1657.38
LRCUSDTSWAP,60,20250531,230000,0.08583,0.08623,0.08571,0.08618,3299.82
LRCUSDTSWAP,60,20250601,000000,0.08622,0.08915,0.0862,0.08676,17122.0
LRCUSDTSWAP,60,20250601,010000,0.08675,0.08691,0.08591,0.08606,3179.65
LRCUSDTSWAP,60,20250601,020000,0.08604,0.08673,0.08598,0.08627,2697.61
LRCUSDTSWAP,60,20250601,030000,0.08625,0.0866,0.0858,0.08639,5290.32
LRCUSDTSWAP,60,20250601,040000,0.08641,0.08702,0.08609,0.08635,4110.44
LRCUSDTSWAP,60,20250601,050000,0.08638,0.08678,0.08586,0.08632,4124.13
LRCUSDTSWAP,60,20250601,060000,0.08633,0.08653,0.08574,0.08634,1908.5
LRCUSDTSWAP,60,20250601,070000,0.08632,0.08634,0.08542,0.08604,6627.74
LRCUSDTSWAP,60,20250601,080000,0.08607,0.08645,0.08601,0.08634,2818.19
LRCUSDTSWAP,60,20250601,090000,0.08635,0.08641,0.08587,0.08627,2214.96
LRCUSDTSWAP,60,20250601,100000,0.08623,0.08628,0.08579,0.08615,1636.82
LRCUSDTSWAP,60,20250601,110000,0.08613,0.08629,0.08588,0.08602,6446.23
LRCUSDTSWAP,60,20250601,120000,0.08605,0.08623,0.08456,0.08511,5223.92
LRCUSDTSWAP,60,20250601,130000,0.0851,0.08579,0.0851,0.08558,2941.31
LRCUSDTSWAP,60,20250601,140000,0.08557,0.08639,0.08532,0.08602,2735.93
LRCUSDTSWAP,60,20250601,150000,0.086,0.08602,0.08489,0.08523,5374.57
LRCUSDTSWAP,60,20250601,160000,0.08524,0.08611,0.08518,0.08579,1531.34
LRCUSDTSWAP,60,20250601,170000,0.08582,0.08741,0.08582,0.08703,4918.86
LRCUSDTSWAP,60,20250601,180000,0.08708,0.08725,0.08673,0.08698,2018.17
LRCUSDTSWAP,60,20250601,190000,0.08701,0.08805,0.0869,0.08765,5162.04
LRCUSDTSWAP,60,20250601,200000,0.08768,0.08796,0.08725,0.08779,2947.28
LRCUSDTSWAP,60,20250601,210000,0.08776,0.08778,0.08622,0.08699,4364.57
LRCUSDTSWAP,60,20250601,220000,0.08698,0.08775,0.08684,0.08775,2141.71
LRCUSDTSWAP,60,20250601,230000,0.08774,0.0878,0.08711,0.08711,5974.13
LRCUSDTSWAP,60,20250602,000000,0.08711,0.0879,0.08701,0.0879,5713.72
LRCUSDTSWAP,60,20250602,010000,0.08784,0.08835,0.08758,0.08772,5707.14
LRCUSDTSWAP,60,20250602,020000,0.08774,0.0882,0.08758,0.0877,2031.09
LRCUSDTSWAP,60,20250602,030000,0.08768,0.08768,0.08674,0.08697,6152.24
LRCUSDTSWAP,60,20250602,040000,0.08698,0.08748,0.08676,0.08688,3013.68
LRCUSDTSWAP,60,20250602,050000,0.08687,0.08688,0.08587,0.08593,6021.65
LRCUSDTSWAP,60,20250602,060000,0.08595,0.08607,0.08543,0.08573,2155.45
LRCUSDTSWAP,60,20250602,070000,0.08572,0.0861,0.0855,0.08557,1416.35
LRCUSDTSWAP,60,20250602,080000,0.08557,0.08606,0.08515,0.08569,2639.75
LRCUSDTSWAP,60,20250602,090000,0.08568,0.08675,0.08556,0.08629,2705.0
LRCUSDTSWAP,60,20250602,100000,0.08631,0.0872,0.08628,0.08665,2669.91
LRCUSDTSWAP,60,20250602,110000,0.08665,0.08723,0.08616,0.08629,2783.72
LRCUSDTSWAP,60,20250602,120000,0.08635,0.08635,0.08548,0.08568,2997.38
LRCUSDTSWAP,60,20250602,130000,0.0857,0.08596,0.08515,0.08551,4085.23
LRCUSDTSWAP,60,20250602,140000,0.08552,0.08613,0.0854,0.08591,2900.58
LRCUSDTSWAP,60,20250602,150000,0.08591,0.08698,0.08571,0.08685,4629.86
LRCUSDTSWAP,60,20250602,160000,0.08689,0.08747,0.0862,0.08655,5198.19
LRCUSDTSWAP,60,20250602,170000,0.08655,0.08767,0.0863,0.08693,6857.27
LRCUSDTSWAP,60,20250602,180000,0.087,0.08747,0.08651,0.08716,1501.53
LRCUSDTSWAP,60,20250602,190000,0.08717,0.08753,0.08671,0.08735,1558.86
LRCUSDTSWAP,60,20250602,200000,0.08738,0.0877,0.08684,0.08768,5784.38
LRCUSDTSWAP,60,20250602,210000,0.08766,0.08808,0.08735,0.08753,2655.92
LRCUSDTSWAP,60,20250602,220000,0.08761,0.08788,0.08675,0.08768,4781.67
LRCUSDTSWAP,60,20250602,230000,0.08767,0.08973,0.08766,0.0896,8090.01
LRCUSDTSWAP,60,20250603,000000,0.08964,0.09087,0.08958,0.09087,3887.24
LRCUSDTSWAP,60,20250603,010000,0.09081,0.09158,0.09051,0.09088,3474.12
LRCUSDTSWAP,60,20250603,020000,0.0909,0.09142,0.09071,0.09088,4239.21
LRCUSDTSWAP,60,20250603,030000,0.09089,0.09168,0.09066,0.09136,4807.99
LRCUSDTSWAP,60,20250603,040000,0.09142,0.09223,0.09129,0.09209,3053.7
LRCUSDTSWAP,60,20250603,050000,0.09215,0.09231,0.09127,0.09162,5942.29
LRCUSDTSWAP,60,20250603,060000,0.09162,0.09171,0.08405,0.09006,169962.98
LRCUSDTSWAP,60,20250603,070000,0.09003,0.09004,0.08912,0.08928,6326.23
LRCUSDTSWAP,60,20250603,080000,0.08931,0.08989,0.08899,0.08983,6594.2
LRCUSDTSWAP,60,20250603,090000,0.08982,0.08999,0.08909,0.08938,5106.0
LRCUSDTSWAP,60,20250603,100000,0.0894,0.08962,0.08845,0.08868,3217.06
LRCUSDTSWAP,60,20250603,110000,0.08869,0.08902,0.08795,0.08839,3578.82
LRCUSDTSWAP,60,20250603,120000,0.08841,0.08896,0.08803,0.08887,3532.33
LRCUSDTSWAP,60,20250603,130000,0.08881,0.08896,0.08844,0.08863,3627.36
LRCUSDTSWAP,60,20250603,140000,0.08863,0.08901,0.08731,0.0876,7651.96
LRCUSDTSWAP,60,20250603,150000,0.08763,0.08858,0.08747,0.08814,4362.92
LRCUSDTSWAP,60,20250603,160000,0.08817,0.08888,0.088,0.08849,4015.17
LRCUSDTSWAP,60,20250603,170000,0.08849,0.08926,0.08777,0.08863,4276.72
LRCUSDTSWAP,60,20250603,180000,0.08868,0.08881,0.08786,0.08831,5308.83
LRCUSDTSWAP,60,20250603,190000,0.08835,0.0888,0.08824,0.08842,3118.22
LRCUSDTSWAP,60,20250603,200000,0.08842,0.08897,0.08823,0.0883,2018.89
LRCUSDTSWAP,60,20250603,210000,0.08832,0.08832,0.0875,0.0878,3720.04
LRCUSDTSWAP,60,20250603,220000,0.08782,0.08855,0.08782,0.0882,3308.44
LRCUSDTSWAP,60,20250603,230000,0.08822,0.08846,0.08729,0.08803,4685.98
LRCUSDTSWAP,60,20250604,000000,0.0879,0.08829,0.0868,0.08701,3887.9
LRCUSDTSWAP,60,20250604,010000,0.08697,0.08755,0.08686,0.08732,2323.58
LRCUSDTSWAP,60,20250604,020000,0.0873,0.0875,0.08677,0.08718,3882.06
LRCUSDTSWAP,60,20250604,030000,0.08722,0.08772,0.08657,0.08764,2410.59
LRCUSDTSWAP,60,20250604,040000,0.0877,0.08881,0.08768,0.08819,2906.38
LRCUSDTSWAP,60,20250604,050000,0.0882,0.08874,0.08785,0.08792,1728.01
LRCUSDTSWAP,60,20250604,060000,0.0879,0.08904,0.08786,0.08858,2972.51
LRCUSDTSWAP,60,20250604,070000,0.08862,0.08888,0.08841,0.08873,2523.54
LRCUSDTSWAP,60,20250604,080000,0.08873,0.08902,0.08822,0.08826,2131.29
LRCUSDTSWAP,60,20250604,090000,0.08827,0.08856,0.08779,0.08829,2891.02
LRCUSDTSWAP,60,20250604,100000,0.08831,0.08839,0.08781,0.08816,2034.57
LRCUSDTSWAP,60,20250604,110000,0.08817,0.08887,0.08812,0.08878,2304.06
LRCUSDTSWAP,60,20250604,120000,0.08876,0.08887,0.08781,0.08834,2438.33
LRCUSDTSWAP,60,20250604,130000,0.0883,0.08843,0.08734,0.08739,2835.58
LRCUSDTSWAP,60,20250604,140000,0.08737,0.08769,0.08712,0.08718,3644.81
LRCUSDTSWAP,60,20250604,150000,0.08723,0.08772,0.08672,0.0868,3709.89
LRCUSDTSWAP,60,20250604,160000,0.08674,0.08703,0.0863,0.08663,4141.23
LRCUSDTSWAP,60,20250604,170000,0.08662,0.08945,0.08596,0.08944,27714.94
LRCUSDTSWAP,60,20250604,180000,0.08944,0.09342,0.08772,0.09144,137231.91
LRCUSDTSWAP,60,20250604,190000,0.09145,0.09185,0.09008,0.09117,12787.45
LRCUSDTSWAP,60,20250604,200000,0.09119,0.0928,0.09051,0.09237,17538.94
LRCUSDTSWAP,60,20250604,210000,0.09234,0.09545,0.09217,0.09441,53292.0
LRCUSDTSWAP,60,20250604,220000,0.09434,0.09463,0.0917,0.0917,13825.9