<TICKER>,<PER>,<DATE>,<TIME>,<OPEN>,<HIGH>,<LOW>,<CLOSE>,<VOL>
LUNCUSDTSWAP,60,20250531,190000,0.0000574,0.00005796,0.00005726,0.00005778,9.58
LUNCUSDTSWAP,60,20250531,200000,0.0000578,0.00005826,0.00005754,0.00005758,8.0
LUNCUSDTSWAP,60,20250531,210000,0.0000576,0.00005798,0.00005758,0.00005774,1.47
LUNCUSDTSWAP,60,20250531,220000,0.00005779,0.00005799,0.00005773,0.00005773,2.44
LUNCUSDTSWAP,60,20250531,230000,0.00005777,0.00005795,0.00005764,0.00005789,2.78
LUNCUSDTSWAP,60,20250601,000000,0.00005791,0.00005825,0.00005788,0.00005814,5.76
LUNCUSDTSWAP,60,20250601,010000,0.00005817,0.00005819,0.00005778,0.00005778,2.31
LUNCUSDTSWAP,60,20250601,020000,0.00005777,0.00005816,0.00005765,0.00005787,3.58
LUNCUSDTSWAP,60,20250601,030000,0.00005788,0.00005811,0.0000576,0.00005808,5.32
LUNCUSDTSWAP,60,20250601,040000,0.00005808,0.00005836,0.00005754,0.00005765,3.67
LUNCUSDTSWAP,60,20250601,050000,0.00005762,0.00005809,0.00005733,0.00005805,5.29
LUNCUSDTSWAP,60,20250601,060000,0.00005806,0.0000583,0.00005784,0.00005814,4.04
LUNCUSDTSWAP,60,20250601,070000,0.00005816,0.00005877,0.00005804,0.00005864,3.9
LUNCUSDTSWAP,60,20250601,080000,0.00005864,0.00005906,0.00005857,0.00005906,3.75
LUNCUSDTSWAP,60,20250601,090000,0.00005905,0.00005919,0.00005881,0.00005881,7.94
LUNCUSDTSWAP,60,20250601,100000,0.00005883,0.00005896,0.00005844,0.0000586,6.41
LUNCUSDTSWAP,60,20250601,110000,0.00005861,0.00005864,0.00005839,0.00005843,3.73
LUNCUSDTSWAP,60,20250601,120000,0.00005849,0.00005863,0.00005758,0.00005792,12.85
LUNCUSDTSWAP,60,20250601,130000,0.00005795,0.0000582,0.0000578,0.00005815,3.44
LUNCUSDTSWAP,60,20250601,140000,0.00005811,0.00005848,0.00005795,0.00005829,3.02
LUNCUSDTSWAP,60,20250601,150000,0.00005829,0.00005829,0.00005773,0.00005783,3.39
LUNCUSDTSWAP,60,20250601,160000,0.00005786,0.00005857,0.00005782,0.00005831,2.73
LUNCUSDTSWAP,60,20250601,170000,0.00005831,0.0000591,0.00005831,0.00005892,4.97
LUNCUSDTSWAP,60,20250601,180000,0.00005891,0.00005927,0.00005875,0.00005909,2.67
LUNCUSDTSWAP,60,20250601,190000,0.0000591,0.00005955,0.00005901,0.00005921,6.16
LUNCUSDTSWAP,60,20250601,200000,0.00005922,0.00005929,0.00005874,0.0000588,3.54
LUNCUSDTSWAP,60,20250601,210000,0.00005879,0.00005884,0.00005775,0.00005814,7.52
LUNCUSDTSWAP,60,20250601,220000,0.0000582,0.00005851,0.00005813,0.00005851,2.95
LUNCUSDTSWAP,60,20250601,230000,0.00005848,0.00005863,0.00005815,0.00005831,5.57
LUNCUSDTSWAP,60,20250602,000000,0.0000583,0.00005871,0.00005828,0.00005868,6.05
LUNCUSDTSWAP,60,20250602,010000,0.00005871,0.00005887,0.00005848,0.00005859,3.33
LUNCUSDTSWAP,60,20250602,020000,0.00005859,0.00005878,0.00005849,0.00005858,2.3
LUNCUSDTSWAP,60,20250602,030000,0.00005858,0.00005875,0.0000584,0.00005856,5.52
LUNCUSDTSWAP,60,20250602,040000,0.00005857,0.00005879,0.0000584,0.0000584,2.04
LUNCUSDTSWAP,60,20250602,050000,0.00005838,0.00005841,0.00005805,0.0000581,2.28
LUNCUSDTSWAP,60,20250602,060000,0.0000581,0.00005811,0.00005769,0.00005793,4.22
LUNCUSDTSWAP,60,20250602,070000,0.00005794,0.00005823,0.00005782,0.00005821,2.9
LUNCUSDTSWAP,60,20250602,080000,0.0000582,0.00005831,0.00005777,0.00005809,2.57
LUNCUSDTSWAP,60,20250602,090000,0.00005809,0.00005854,0.00005783,0.00005833,2.52
LUNCUSDTSWAP,60,20250602,100000,0.00005833,0.00005867,0.0000583,0.00005846,4.04
LUNCUSDTSWAP,60,20250602,110000,0.00005847,0.00005857,0.00005802,0.0000582,4.92
LUNCUSDTSWAP,60,20250602,120000,0.00005816,0.00005816,0.00005762,0.0000578,5.08
LUNCUSDTSWAP,60,20250602,130000,0.00005778,0.00005786,0.00005744,0.00005779,9.92
LUNCUSDTSWAP,60,20250602,140000,0.00005777,0.00005794,0.0000576,0.0000579,4.37
LUNCUSDTSWAP,60,20250602,150000,0.00005794,0.00005863,0.0000578,0.00005858,5.9
LUNCUSDTSWAP,60,20250602,160000,0.0000586,0.00005893,0.0000583,0.00005846,5.74
LUNCUSDTSWAP,60,20250602,170000,0.00005844,0.00005921,0.0000583,0.00005897,6.85
LUNCUSDTSWAP,60,20250602,180000,0.00005896,0.00005942,0.00005871,0.00005929,8.9
LUNCUSDTSWAP,60,20250602,190000,0.00005928,0.00005929,0.00005876,0.00005917,6.51
LUNCUSDTSWAP,60,20250602,200000,0.00005917,0.00005937,0.00005892,0.00005937,2.96
LUNCUSDTSWAP,60,20250602,210000,0.00005934,0.0000596,0.00005905,0.00005912,3.8
LUNCUSDTSWAP,60,20250602,220000,0.00005911,0.00005922,0.00005878,0.00005906,4.14
LUNCUSDTSWAP,60,20250602,230000,0.00005909,0.00005969,0.00005909,0.00005956,3.0
LUNCUSDTSWAP,60,20250603,000000,0.00005958,0.00005996,0.00005958,0.00005991,3.6
LUNCUSDTSWAP,60,20250603,010000,0.00005992,0.00006037,0.0000599,0.00006018,5.75
LUNCUSDTSWAP,60,20250603,020000,0.0000602,0.00006039,0.00006015,0.00006027,2.79
LUNCUSDTSWAP,60,20250603,030000,0.00006027,0.00006074,0.00006027,0.00006073,9.06
LUNCUSDTSWAP,60,20250603,040000,0.00006074,0.00006102,0.00006064,0.00006099,4.4
LUNCUSDTSWAP,60,20250603,050000,0.00006098,0.00006113,0.00006042,0.00006062,7.77
LUNCUSDTSWAP,60,20250603,060000,0.0000606,0.00006069,0.00006038,0.00006056,4.44
LUNCUSDTSWAP,60,20250603,070000,0.00006058,0.00006059,0.00006012,0.00006026,3.44
LUNCUSDTSWAP,60,20250603,080000,0.00006029,0.00006085,0.00006028,0.00006079,6.95
LUNCUSDTSWAP,60,20250603,090000,0.00006079,0.00006088,0.0000606,0.00006084,3.08
LUNCUSDTSWAP,60,20250603,100000,0.00006083,0.00006084,0.0000603,0.0000603,4.44
LUNCUSDTSWAP,60,20250603,110000,0.00006033,0.00006051,0.00006006,0.00006036,4.27
LUNCUSDTSWAP,60,20250603,120000,0.00006037,0.00006061,0.00006028,0.00006055,3.12
LUNCUSDTSWAP,60,20250603,130000,0.00006056,0.00006061,0.00006047,0.00006052,1.58
LUNCUSDTSWAP,60,20250603,140000,0.00006054,0.00006064,0.0000604,0.00006045,2.22
LUNCUSDTSWAP,60,20250603,150000,0.00006044,0.00006056,0.0000603,0.00006043,3.32
LUNCUSDTSWAP,60,20250603,160000,0.00006044,0.00006088,0.00006044,0.00006064,7.48
LUNCUSDTSWAP,60,20250603,170000,0.00006065,0.0000613,0.00006034,0.00006122,8.94
LUNCUSDTSWAP,60,20250603,180000,0.0000612,0.00006125,0.00006074,0.00006085,5.27
LUNCUSDTSWAP,60,20250603,190000,0.00006085,0.00006104,0.00006063,0.00006066,5.32
LUNCUSDTSWAP,60,20250603,200000,0.00006067,0.0000611,0.00006063,0.00006102,2.38
LUNCUSDTSWAP,60,20250603,210000,0.00006104,0.00006128,0.00006093,0.00006126,5.04
LUNCUSDTSWAP,60,20250603,220000,0.00006128,0.00006165,0.00006114,0.00006127,13.37
LUNCUSDTSWAP,60,20250603,230000,0.00006127,0.00006155,0.00006072,0.00006087,7.2
LUNCUSDTSWAP,60,20250604,000000,0.00006087,0.00006096,0.00006008,0.00006026,7.6
LUNCUSDTSWAP,60,20250604,010000,0.00006025,0.00006067,0.00006013,0.00006054,5.15
LUNCUSDTSWAP,60,20250604,020000,0.00006055,0.00006064,0.00006019,0.00006026,5.6
LUNCUSDTSWAP,60,20250604,030000,0.00006027,0.00006052,0.00006001,0.00006045,5.03
LUNCUSDTSWAP,60,20250604,040000,0.00006047,0.00006112,0.00006045,0.00006082,4.8
LUNCUSDTSWAP,60,20250604,050000,0.00006082,0.00006101,0.00006057,0.00006061,2.43
LUNCUSDTSWAP,60,20250604,060000,0.00006056,0.00006102,0.00006055,0.00006081,2.59
LUNCUSDTSWAP,60,20250604,070000,0.00006081,0.00006085,0.00006054,0.00006066,3.29
LUNCUSDTSWAP,60,20250604,080000,0.00006065,0.00006071,0.00006031,0.00006036,6.52
LUNCUSDTSWAP,60,20250604,090000,0.00006036,0.00006046,0.00006017,0.00006026,1.76
LUNCUSDTSWAP,60,20250604,100000,0.00006027,0.00006037,0.00005992,0.00006003,8.96
LUNCUSDTSWAP,60,20250604,110000,0.00006004,0.00006039,0.00006004,0.00006017,4.97
LUNCUSDTSWAP,60,20250604,120000,0.00006018,0.00006023,0.0000598,0.00006013,8.53
LUNCUSDTSWAP,60,20250604,130000,0.00006018,0.00006027,0.00005977,0.00005987,5.38
LUNCUSDTSWAP,60,20250604,140000,0.00005987,0.00005999,0.00005936,0.00005947,8.75
LUNCUSDTSWAP,60,20250604,150000,0.00005948,0.00005968,0.00005922,0.00005934,7.32
LUNCUSDTSWAP,60,20250604,160000,0.00005934,0.00005966,0.00005916,0.00005944,8.87
LUNCUSDTSWAP,60,20250604,170000,0.00005944,0.00005966,0.00005906,0.00005966,9.01
LUNCUSDTSWAP,60,20250604,180000,0.00005967,0.00006017,0.00005951,0.00006002,16.73
LUNCUSDTSWAP,60,20250604,190000,0.00006001,0.00006001,0.00005975,0.00005995,4.2
LUNCUSDTSWAP,60,20250604,200000,0.00005998,0.00005998,0.00005938,0.00005963,2.51
LUNCUSDTSWAP,60,20250604,210000,0.00005965,0.00005993,0.0000596,0.0000596,4.68
LUNCUSDTSWAP,60,20250604,220000,0.0000596,0.00005965,0.00005945,0.00005956,1.07