<TICKER>,<PER>,<DATE>,<TIME>,<OPEN>,<HIGH>,<LOW>,<CLOSE>,<VOL>
MAGICUSDTSWAP,60,20250531,190000,0.12942,0.1313,0.12867,0.1306,286663.23
MAGICUSDTSWAP,60,20250531,200000,0.13059,0.13102,0.12931,0.12948,130576.16
MAGICUSDTSWAP,60,20250531,210000,0.12951,0.13159,0.12925,0.13135,181308.43
MAGICUSDTSWAP,60,20250531,220000,0.13136,0.13231,0.13097,0.13175,136679.16
MAGICUSDTSWAP,60,20250531,230000,0.13176,0.13235,0.13112,0.13208,76874.32
MAGICUSDTSWAP,60,20250601,000000,0.13211,0.13308,0.13201,0.13256,129549.05
MAGICUSDTSWAP,60,20250601,010000,0.13258,0.13268,0.13132,0.13139,85583.04
MAGICUSDTSWAP,60,20250601,020000,0.13136,0.13217,0.13067,0.13112,190173.55
MAGICUSDTSWAP,60,20250601,030000,0.13112,0.13179,0.12987,0.13094,214644.75
MAGICUSDTSWAP,60,20250601,040000,0.13092,0.13228,0.12962,0.1301,137623.5
MAGICUSDTSWAP,60,20250601,050000,0.13007,0.132,0.12881,0.13132,211252.41
MAGICUSDTSWAP,60,20250601,060000,0.13134,0.13175,0.1302,0.13094,136920.64
MAGICUSDTSWAP,60,20250601,070000,0.13091,0.1328,0.13062,0.13238,145236.27
MAGICUSDTSWAP,60,20250601,080000,0.13237,0.13375,0.1321,0.13338,111656.35
MAGICUSDTSWAP,60,20250601,090000,0.13333,0.13364,0.1324,0.13251,124261.43
MAGICUSDTSWAP,60,20250601,100000,0.1325,0.13255,0.1316,0.13183,117743.34
MAGICUSDTSWAP,60,20250601,110000,0.13183,0.132,0.13018,0.13087,137759.85
MAGICUSDTSWAP,60,20250601,120000,0.13089,0.13129,0.12817,0.12924,281443.6
MAGICUSDTSWAP,60,20250601,130000,0.12919,0.1298,0.12825,0.12917,146879.08
MAGICUSDTSWAP,60,20250601,140000,0.12913,0.13128,0.1287,0.13067,162667.77
MAGICUSDTSWAP,60,20250601,150000,0.13066,0.13106,0.12926,0.13001,173904.67
MAGICUSDTSWAP,60,20250601,160000,0.12998,0.13294,0.12992,0.13251,252669.42
MAGICUSDTSWAP,60,20250601,170000,0.13251,0.13578,0.13243,0.13483,311099.03
MAGICUSDTSWAP,60,20250601,180000,0.13483,0.13497,0.13317,0.13355,180457.55
MAGICUSDTSWAP,60,20250601,190000,0.1335,0.13522,0.13291,0.13354,254754.58
MAGICUSDTSWAP,60,20250601,200000,0.13352,0.13452,0.13291,0.13301,213768.32
MAGICUSDTSWAP,60,20250601,210000,0.133,0.13326,0.13101,0.13246,291573.64
MAGICUSDTSWAP,60,20250601,220000,0.13246,0.13304,0.1324,0.13286,99792.85
MAGICUSDTSWAP,60,20250601,230000,0.13286,0.13361,0.13223,0.13314,93281.14
MAGICUSDTSWAP,60,20250602,000000,0.13313,0.13468,0.13304,0.13468,93124.04
MAGICUSDTSWAP,60,20250602,010000,0.13467,0.13541,0.13386,0.13419,131046.84
MAGICUSDTSWAP,60,20250602,020000,0.13421,0.13499,0.13368,0.13446,112224.66
MAGICUSDTSWAP,60,20250602,030000,0.13443,0.13462,0.13367,0.13398,169933.77
MAGICUSDTSWAP,60,20250602,040000,0.134,0.13481,0.13322,0.13326,140141.62
MAGICUSDTSWAP,60,20250602,050000,0.13327,0.13357,0.13268,0.13322,248305.87
MAGICUSDTSWAP,60,20250602,060000,0.13325,0.13333,0.13193,0.1325,184828.94
MAGICUSDTSWAP,60,20250602,070000,0.13246,0.13279,0.13138,0.13168,181995.8
MAGICUSDTSWAP,60,20250602,080000,0.13167,0.13244,0.13071,0.13193,156639.77
MAGICUSDTSWAP,60,20250602,090000,0.13192,0.13363,0.1315,0.13315,212298.86
MAGICUSDTSWAP,60,20250602,100000,0.13319,0.13513,0.13315,0.13375,211717.49
MAGICUSDTSWAP,60,20250602,110000,0.13373,0.13471,0.13195,0.13224,215874.59
MAGICUSDTSWAP,60,20250602,120000,0.13227,0.13233,0.13085,0.13127,285862.72
MAGICUSDTSWAP,60,20250602,130000,0.13129,0.13196,0.13051,0.13142,194948.06
MAGICUSDTSWAP,60,20250602,140000,0.13142,0.13235,0.1307,0.1315,188586.65
MAGICUSDTSWAP,60,20250602,150000,0.13154,0.13295,0.13077,0.1328,181020.61
MAGICUSDTSWAP,60,20250602,160000,0.13283,0.13398,0.13158,0.13322,244171.96
MAGICUSDTSWAP,60,20250602,170000,0.13325,0.13517,0.13263,0.13408,280136.67
MAGICUSDTSWAP,60,20250602,180000,0.1341,0.13497,0.13285,0.13458,177383.99
MAGICUSDTSWAP,60,20250602,190000,0.13456,0.13457,0.13275,0.13417,209932.03
MAGICUSDTSWAP,60,20250602,200000,0.13416,0.13492,0.13352,0.13433,187675.22
MAGICUSDTSWAP,60,20250602,210000,0.13434,0.13534,0.13351,0.13375,180177.61
MAGICUSDTSWAP,60,20250602,220000,0.1338,0.13451,0.13221,0.13312,187720.86
MAGICUSDTSWAP,60,20250602,230000,0.13312,0.1367,0.13312,0.1367,299378.89
MAGICUSDTSWAP,60,20250603,000000,0.13669,0.13795,0.13614,0.13786,190934.06
MAGICUSDTSWAP,60,20250603,010000,0.13785,0.13988,0.1378,0.13877,232764.27
MAGICUSDTSWAP,60,20250603,020000,0.1388,0.13921,0.13799,0.13818,183732.61
MAGICUSDTSWAP,60,20250603,030000,0.13816,0.14023,0.13784,0.13998,261009.8
MAGICUSDTSWAP,60,20250603,040000,0.13998,0.14233,0.13978,0.1421,310390.11
MAGICUSDTSWAP,60,20250603,050000,0.14204,0.1422,0.1403,0.14129,514840.31
MAGICUSDTSWAP,60,20250603,060000,0.1413,0.14174,0.13931,0.13937,291599.11
MAGICUSDTSWAP,60,20250603,070000,0.13935,0.13958,0.13788,0.13844,211572.46
MAGICUSDTSWAP,60,20250603,080000,0.13845,0.13984,0.13845,0.13966,191812.92
MAGICUSDTSWAP,60,20250603,090000,0.13962,0.13976,0.13857,0.13936,138520.63
MAGICUSDTSWAP,60,20250603,100000,0.13939,0.1398,0.13828,0.13837,120310.99
MAGICUSDTSWAP,60,20250603,110000,0.13843,0.13912,0.13703,0.13892,264546.51
MAGICUSDTSWAP,60,20250603,120000,0.13889,0.14024,0.13847,0.13985,132384.53
MAGICUSDTSWAP,60,20250603,130000,0.13985,0.14044,0.13938,0.14015,118994.45
MAGICUSDTSWAP,60,20250603,140000,0.14013,0.1407,0.13938,0.13972,151452.36
MAGICUSDTSWAP,60,20250603,150000,0.13971,0.14033,0.13918,0.13983,106805.08
MAGICUSDTSWAP,60,20250603,160000,0.13984,0.14185,0.13983,0.14066,230047.43
MAGICUSDTSWAP,60,20250603,170000,0.14067,0.1419,0.13909,0.14179,226376.71
MAGICUSDTSWAP,60,20250603,180000,0.1418,0.14223,0.14041,0.14101,210340.31
MAGICUSDTSWAP,60,20250603,190000,0.14101,0.14227,0.13982,0.14171,549567.58
MAGICUSDTSWAP,60,20250603,200000,0.14172,0.1419,0.14028,0.1406,369734.44
MAGICUSDTSWAP,60,20250603,210000,0.14056,0.14089,0.1395,0.13976,133303.31
MAGICUSDTSWAP,60,20250603,220000,0.13971,0.14127,0.13969,0.1407,201234.79
MAGICUSDTSWAP,60,20250603,230000,0.14072,0.14089,0.13767,0.13866,216038.69
MAGICUSDTSWAP,60,20250604,000000,0.13867,0.13886,0.13532,0.1364,298918.16
MAGICUSDTSWAP,60,20250604,010000,0.13644,0.13819,0.1363,0.13765,151121.63
MAGICUSDTSWAP,60,20250604,020000,0.13763,0.13776,0.13652,0.13674,93993.31
MAGICUSDTSWAP,60,20250604,030000,0.13676,0.13839,0.13604,0.13826,157775.36
MAGICUSDTSWAP,60,20250604,040000,0.13828,0.14033,0.13818,0.13903,228385.6
MAGICUSDTSWAP,60,20250604,050000,0.13904,0.14015,0.13886,0.13888,117355.74
MAGICUSDTSWAP,60,20250604,060000,0.13888,0.14068,0.1388,0.13988,113926.74
MAGICUSDTSWAP,60,20250604,070000,0.13983,0.14034,0.13937,0.13991,152525.86
MAGICUSDTSWAP,60,20250604,080000,0.13993,0.14038,0.13923,0.1397,224785.65
MAGICUSDTSWAP,60,20250604,090000,0.13973,0.14006,0.13895,0.13968,257815.96
MAGICUSDTSWAP,60,20250604,100000,0.13967,0.13994,0.13812,0.13879,124747.8
MAGICUSDTSWAP,60,20250604,110000,0.1388,0.14004,0.13863,0.139,116064.28
MAGICUSDTSWAP,60,20250604,120000,0.13902,0.13921,0.13727,0.13837,139708.01
MAGICUSDTSWAP,60,20250604,130000,0.13835,0.13851,0.1364,0.13668,126782.14
MAGICUSDTSWAP,60,20250604,140000,0.13667,0.13725,0.1358,0.13612,162555.43
MAGICUSDTSWAP,60,20250604,150000,0.13611,0.13654,0.13445,0.13474,229222.99
MAGICUSDTSWAP,60,20250604,160000,0.13467,0.13601,0.13408,0.13508,240132.64
MAGICUSDTSWAP,60,20250604,170000,0.13506,0.13619,0.13379,0.136,218190.65
MAGICUSDTSWAP,60,20250604,180000,0.13598,0.13767,0.13568,0.13703,237661.22
MAGICUSDTSWAP,60,20250604,190000,0.13703,0.13709,0.1361,0.1368,113283.39
MAGICUSDTSWAP,60,20250604,200000,0.13682,0.13686,0.13321,0.13433,293701.1
MAGICUSDTSWAP,60,20250604,210000,0.13431,0.1351,0.1341,0.13428,88502.1
MAGICUSDTSWAP,60,20250604,220000,0.13427,0.13449,0.13373,0.1343,47867.12