<TICKER>,<PER>,<DATE>,<TIME>,<OPEN>,<HIGH>,<LOW>,<CLOSE>,<VOL>
MASKUSDTSWAP,60,20250531,190000,1.941,2.014,1.937,1.981,1479337.03
MASKUSDTSWAP,60,20250531,200000,1.979,2.011,1.977,1.996,856709.1
MASKUSDTSWAP,60,20250531,210000,1.996,2.012,1.983,2.005,765246.44
MASKUSDTSWAP,60,20250531,220000,2.006,2.015,1.996,2.011,658311.03
MASKUSDTSWAP,60,20250531,230000,2.01,2.079,2.006,2.065,1722358.95
MASKUSDTSWAP,60,20250601,000000,2.066,2.108,2.019,2.023,1412798.98
MASKUSDTSWAP,60,20250601,010000,2.022,2.053,2.012,2.053,847306.97
MASKUSDTSWAP,60,20250601,020000,2.053,2.06,2.039,2.057,809306.97
MASKUSDTSWAP,60,20250601,030000,2.057,2.06,2.038,2.051,1181003.92
MASKUSDTSWAP,60,20250601,040000,2.051,2.085,2.048,2.069,1539316.52
MASKUSDTSWAP,60,20250601,050000,2.068,2.073,2.024,2.043,1596928.21
MASKUSDTSWAP,60,20250601,060000,2.044,2.059,2.026,2.037,838187.17
MASKUSDTSWAP,60,20250601,070000,2.036,2.068,2.002,2.065,857005.34
MASKUSDTSWAP,60,20250601,080000,2.066,2.099,2.042,2.093,1555764.11
MASKUSDTSWAP,60,20250601,090000,2.093,2.134,2.078,2.13,1910561.56
MASKUSDTSWAP,60,20250601,100000,2.13,2.148,2.115,2.121,2574070.92
MASKUSDTSWAP,60,20250601,110000,2.122,2.134,1.849,1.939,7332004.43
MASKUSDTSWAP,60,20250601,120000,1.939,2.023,1.918,2.001,5077112.5
MASKUSDTSWAP,60,20250601,130000,2.002,2.07,1.995,2.066,2033113.08
MASKUSDTSWAP,60,20250601,140000,2.065,2.093,2.033,2.09,1814540.28
MASKUSDTSWAP,60,20250601,150000,2.09,2.146,2.066,2.127,4006185.15
MASKUSDTSWAP,60,20250601,160000,2.128,2.276,2.109,2.263,11798251.25
MASKUSDTSWAP,60,20250601,170000,2.263,2.545,2.259,2.502,26957412.7
MASKUSDTSWAP,60,20250601,180000,2.503,2.542,2.432,2.501,23224050.46
MASKUSDTSWAP,60,20250601,190000,2.501,2.888,2.372,2.422,76061857.58
MASKUSDTSWAP,60,20250601,200000,2.421,2.553,2.17,2.494,88277344.25
MASKUSDTSWAP,60,20250601,210000,2.494,2.688,2.482,2.654,28628478.85
MASKUSDTSWAP,60,20250601,220000,2.654,2.668,2.55,2.651,11191673.83
MASKUSDTSWAP,60,20250601,230000,2.65,2.794,2.647,2.761,15095279.8
MASKUSDTSWAP,60,20250602,000000,2.76,2.773,2.649,2.712,10288010.4
MASKUSDTSWAP,60,20250602,010000,2.711,2.812,2.616,2.657,13176433.25
MASKUSDTSWAP,60,20250602,020000,2.657,2.733,2.657,2.724,10918925.56
MASKUSDTSWAP,60,20250602,030000,2.723,2.746,2.666,2.722,10936455.7
MASKUSDTSWAP,60,20250602,040000,2.722,2.808,2.633,2.711,17888485.87
MASKUSDTSWAP,60,20250602,050000,2.71,2.723,2.679,2.695,6034893.58
MASKUSDTSWAP,60,20250602,060000,2.696,2.727,2.647,2.709,8565952.27
MASKUSDTSWAP,60,20250602,070000,2.709,2.75,2.569,2.612,15277267.34
MASKUSDTSWAP,60,20250602,080000,2.612,2.631,2.56,2.58,10023288.8
MASKUSDTSWAP,60,20250602,090000,2.579,2.626,2.526,2.568,8714397.16
MASKUSDTSWAP,60,20250602,100000,2.568,2.585,2.518,2.549,5764923.74
MASKUSDTSWAP,60,20250602,110000,2.55,2.596,2.543,2.563,5864390.55
MASKUSDTSWAP,60,20250602,120000,2.564,2.584,2.531,2.574,5017012.13
MASKUSDTSWAP,60,20250602,130000,2.574,2.575,2.483,2.542,8019289.28
MASKUSDTSWAP,60,20250602,140000,2.542,2.59,2.515,2.572,5149359.9
MASKUSDTSWAP,60,20250602,150000,2.572,2.584,2.537,2.576,4558924.01
MASKUSDTSWAP,60,20250602,160000,2.576,2.584,2.53,2.555,4986136.51
MASKUSDTSWAP,60,20250602,170000,2.553,2.716,2.525,2.578,15912328.19
MASKUSDTSWAP,60,20250602,180000,2.578,2.592,2.543,2.558,3566039.12
MASKUSDTSWAP,60,20250602,190000,2.557,2.59,2.544,2.58,3601514.04
MASKUSDTSWAP,60,20250602,200000,2.58,2.596,2.557,2.577,2308978.74
MASKUSDTSWAP,60,20250602,210000,2.577,2.607,2.573,2.599,1928199.02
MASKUSDTSWAP,60,20250602,220000,2.599,2.618,2.588,2.599,1914020.56
MASKUSDTSWAP,60,20250602,230000,2.599,2.609,2.588,2.592,1820298.02
MASKUSDTSWAP,60,20250603,000000,2.592,2.649,2.584,2.634,2127977.57
MASKUSDTSWAP,60,20250603,010000,2.633,2.667,2.613,2.617,2459877.62
MASKUSDTSWAP,60,20250603,020000,2.616,2.653,2.615,2.631,1712054.28
MASKUSDTSWAP,60,20250603,030000,2.631,2.684,2.583,2.617,6522367.39
MASKUSDTSWAP,60,20250603,040000,2.617,2.639,2.583,2.638,3803775.48
MASKUSDTSWAP,60,20250603,050000,2.639,2.651,2.601,2.617,2738944.21
MASKUSDTSWAP,60,20250603,060000,2.617,2.663,2.598,2.657,2368424.25
MASKUSDTSWAP,60,20250603,070000,2.657,2.713,2.646,2.698,5523177.64
MASKUSDTSWAP,60,20250603,080000,2.698,2.8,2.546,2.657,17399809.4
MASKUSDTSWAP,60,20250603,090000,2.657,2.76,2.631,2.709,7117494.55
MASKUSDTSWAP,60,20250603,100000,2.708,2.908,2.702,2.86,20465593.56
MASKUSDTSWAP,60,20250603,110000,2.859,2.928,2.814,2.862,14236370.49
MASKUSDTSWAP,60,20250603,120000,2.861,2.9,2.826,2.835,8957728.06
MASKUSDTSWAP,60,20250603,130000,2.835,2.882,2.803,2.846,5996878.33
MASKUSDTSWAP,60,20250603,140000,2.846,2.855,2.74,2.779,7812528.99
MASKUSDTSWAP,60,20250603,150000,2.78,2.823,2.757,2.774,4695247.64
MASKUSDTSWAP,60,20250603,160000,2.773,2.801,2.717,2.731,5241810.22
MASKUSDTSWAP,60,20250603,170000,2.732,2.757,2.717,2.747,2713960.6
MASKUSDTSWAP,60,20250603,180000,2.746,2.768,2.712,2.755,3026838.91
MASKUSDTSWAP,60,20250603,190000,2.754,2.823,2.747,2.804,5520560.99
MASKUSDTSWAP,60,20250603,200000,2.805,2.886,2.804,2.874,5595029.72
MASKUSDTSWAP,60,20250603,210000,2.874,2.897,2.856,2.872,3578713.42
MASKUSDTSWAP,60,20250603,220000,2.871,2.996,2.868,2.986,9079617.89
MASKUSDTSWAP,60,20250603,230000,2.986,3.032,2.924,2.937,8953574.75
MASKUSDTSWAP,60,20250604,000000,2.937,2.977,2.87,2.887,4285508.86
MASKUSDTSWAP,60,20250604,010000,2.888,2.996,2.84,2.934,6680559.14
MASKUSDTSWAP,60,20250604,020000,2.935,2.968,2.903,2.905,3440723.98
MASKUSDTSWAP,60,20250604,030000,2.905,2.918,2.863,2.908,4442735.6
MASKUSDTSWAP,60,20250604,040000,2.907,2.983,2.853,2.961,5957719.17
MASKUSDTSWAP,60,20250604,050000,2.962,2.983,2.932,2.96,4485886.8
MASKUSDTSWAP,60,20250604,060000,2.959,3.022,2.951,3.013,4923370.62
MASKUSDTSWAP,60,20250604,070000,3.014,3.07,2.901,2.94,11908696.78
MASKUSDTSWAP,60,20250604,080000,2.941,2.966,2.92,2.95,4960649.4
MASKUSDTSWAP,60,20250604,090000,2.949,2.963,2.919,2.923,3868984.78
MASKUSDTSWAP,60,20250604,100000,2.924,2.96,2.906,2.919,2623734.44
MASKUSDTSWAP,60,20250604,110000,2.918,2.937,2.85,2.902,5805314.31
MASKUSDTSWAP,60,20250604,120000,2.902,2.923,2.888,2.909,2240651.61
MASKUSDTSWAP,60,20250604,130000,2.909,2.924,2.883,2.897,2096623.93
MASKUSDTSWAP,60,20250604,140000,2.897,2.933,2.886,2.916,1783642.34
MASKUSDTSWAP,60,20250604,150000,2.916,2.919,2.868,2.88,3954486.74
MASKUSDTSWAP,60,20250604,160000,2.881,2.901,2.835,2.88,3013906.29
MASKUSDTSWAP,60,20250604,170000,2.88,2.898,2.872,2.88,2125180.8
MASKUSDTSWAP,60,20250604,180000,2.88,2.906,2.854,2.865,2130177.6
MASKUSDTSWAP,60,20250604,190000,2.865,2.91,2.839,2.894,3416816.19
MASKUSDTSWAP,60,20250604,200000,2.894,2.896,2.842,2.865,2472604.66
MASKUSDTSWAP,60,20250604,210000,2.864,2.889,2.858,2.883,1067008.98
MASKUSDTSWAP,60,20250604,220000,2.883,2.891,2.866,2.885,583721.01