<TICKER>,<PER>,<DATE>,<TIME>,<OPEN>,<HIGH>,<LOW>,<CLOSE>,<VOL>
MEMEUSDTSWAP,3,20250604,172700,0.001938,0.001939,0.001933,0.001935,48.11
MEMEUSDTSWAP,3,20250604,173000,0.001935,0.001935,0.001931,0.001932,98.75
MEMEUSDTSWAP,3,20250604,173300,0.001933,0.001939,0.001933,0.001935,71.75
MEMEUSDTSWAP,3,20250604,173600,0.001934,0.001935,0.00193,0.001931,35.0
MEMEUSDTSWAP,3,20250604,173900,0.001931,0.001937,0.001931,0.001936,23.01
MEMEUSDTSWAP,3,20250604,174200,0.001935,0.001938,0.001933,0.001938,21.84
MEMEUSDTSWAP,3,20250604,174500,0.001938,0.001944,0.001936,0.001944,76.59
MEMEUSDTSWAP,3,20250604,174800,0.001945,0.001951,0.001942,0.001944,187.52
MEMEUSDTSWAP,3,20250604,175100,0.001943,0.001946,0.001942,0.001946,26.31
MEMEUSDTSWAP,3,20250604,175400,0.001947,0.001956,0.001947,0.001956,117.84
MEMEUSDTSWAP,3,20250604,175700,0.001956,0.00196,0.001954,0.001958,346.13
MEMEUSDTSWAP,3,20250604,180000,0.001957,0.001961,0.001951,0.001951,396.82
MEMEUSDTSWAP,3,20250604,180300,0.001951,0.001954,0.001949,0.001952,53.91
MEMEUSDTSWAP,3,20250604,180600,0.001953,0.001965,0.001953,0.001958,345.25
MEMEUSDTSWAP,3,20250604,180900,0.001958,0.001963,0.001958,0.001962,44.24
MEMEUSDTSWAP,3,20250604,181200,0.001961,0.001964,0.00196,0.001962,35.2
MEMEUSDTSWAP,3,20250604,181500,0.001962,0.001979,0.001961,0.001973,742.82
MEMEUSDTSWAP,3,20250604,181800,0.001973,0.001978,0.00197,0.00197,384.76
MEMEUSDTSWAP,3,20250604,182100,0.001971,0.001976,0.001968,0.001973,476.98
MEMEUSDTSWAP,3,20250604,182400,0.001973,0.001976,0.001972,0.001973,54.42
MEMEUSDTSWAP,3,20250604,182700,0.001972,0.001974,0.001967,0.00197,349.44
MEMEUSDTSWAP,3,20250604,183000,0.00197,0.001971,0.001964,0.00197,208.01
MEMEUSDTSWAP,3,20250604,183300,0.001969,0.001973,0.001967,0.001968,77.15
MEMEUSDTSWAP,3,20250604,183600,0.001968,0.00198,0.001968,0.00198,501.31
MEMEUSDTSWAP,3,20250604,183900,0.001978,0.00198,0.001975,0.00198,142.26
MEMEUSDTSWAP,3,20250604,184200,0.00198,0.001984,0.001978,0.001979,179.33
MEMEUSDTSWAP,3,20250604,184500,0.00198,0.001982,0.001976,0.001976,106.78
MEMEUSDTSWAP,3,20250604,184800,0.001975,0.001978,0.001974,0.001975,73.01
MEMEUSDTSWAP,3,20250604,185100,0.001975,0.001981,0.001972,0.001979,115.54
MEMEUSDTSWAP,3,20250604,185400,0.001978,0.001988,0.001977,0.001985,167.58
MEMEUSDTSWAP,3,20250604,185700,0.001985,0.001986,0.001978,0.00198,97.67
MEMEUSDTSWAP,3,20250604,190000,0.00198,0.001981,0.001971,0.001971,222.61
MEMEUSDTSWAP,3,20250604,190300,0.001972,0.001974,0.001968,0.001968,78.49
MEMEUSDTSWAP,3,20250604,190600,0.001967,0.001969,0.001963,0.001964,349.43
MEMEUSDTSWAP,3,20250604,190900,0.001965,0.001971,0.001965,0.00197,88.83
MEMEUSDTSWAP,3,20250604,191200,0.001971,0.001971,0.001967,0.001967,20.78
MEMEUSDTSWAP,3,20250604,191500,0.001967,0.001968,0.001961,0.001961,31.05
MEMEUSDTSWAP,3,20250604,191800,0.001961,0.001967,0.001959,0.001967,432.26
MEMEUSDTSWAP,3,20250604,192100,0.001966,0.001967,0.001959,0.00196,67.55
MEMEUSDTSWAP,3,20250604,192400,0.00196,0.00196,0.001957,0.00196,113.68
MEMEUSDTSWAP,3,20250604,192700,0.00196,0.001963,0.00196,0.001961,294.36
MEMEUSDTSWAP,3,20250604,193000,0.001959,0.001967,0.001958,0.001966,129.75
MEMEUSDTSWAP,3,20250604,193300,0.001967,0.001971,0.001964,0.001971,86.51
MEMEUSDTSWAP,3,20250604,193600,0.001971,0.001971,0.001965,0.001967,172.76
MEMEUSDTSWAP,3,20250604,193900,0.001968,0.001972,0.001968,0.001968,57.69
MEMEUSDTSWAP,3,20250604,194200,0.001968,0.00197,0.001964,0.001968,38.27
MEMEUSDTSWAP,3,20250604,194500,0.001967,0.001971,0.001964,0.00197,37.13
MEMEUSDTSWAP,3,20250604,194800,0.00197,0.001973,0.001967,0.001973,26.62
MEMEUSDTSWAP,3,20250604,195100,0.001971,0.001971,0.001962,0.001966,114.96
MEMEUSDTSWAP,3,20250604,195400,0.001965,0.001969,0.001961,0.001963,211.71
MEMEUSDTSWAP,3,20250604,195700,0.001963,0.001965,0.001961,0.001964,200.76
MEMEUSDTSWAP,3,20250604,200000,0.001964,0.001966,0.001954,0.001954,385.7
MEMEUSDTSWAP,3,20250604,200300,0.001956,0.001959,0.001954,0.001956,126.03
MEMEUSDTSWAP,3,20250604,200600,0.001956,0.001958,0.001954,0.001957,204.38
MEMEUSDTSWAP,3,20250604,200900,0.001956,0.001956,0.001948,0.001948,45.84
MEMEUSDTSWAP,3,20250604,201200,0.001949,0.001955,0.001949,0.001953,410.63
MEMEUSDTSWAP,3,20250604,201500,0.001953,0.001953,0.001948,0.00195,296.45
MEMEUSDTSWAP,3,20250604,201800,0.001951,0.001953,0.001949,0.001951,221.75
MEMEUSDTSWAP,3,20250604,202100,0.001952,0.001952,0.001948,0.00195,54.71
MEMEUSDTSWAP,3,20250604,202400,0.00195,0.00195,0.001944,0.001945,110.01
MEMEUSDTSWAP,3,20250604,202700,0.001946,0.001948,0.001937,0.001938,491.97
MEMEUSDTSWAP,3,20250604,203000,0.001938,0.001938,0.001924,0.001925,477.68
MEMEUSDTSWAP,3,20250604,203300,0.001926,0.001933,0.001923,0.00193,80.91
MEMEUSDTSWAP,3,20250604,203600,0.001929,0.001929,0.001922,0.001928,595.25
MEMEUSDTSWAP,3,20250604,203900,0.001927,0.001928,0.001925,0.001927,80.53
MEMEUSDTSWAP,3,20250604,204200,0.001927,0.001928,0.001925,0.001926,32.3
MEMEUSDTSWAP,3,20250604,204500,0.001927,0.001929,0.001925,0.001925,228.51
MEMEUSDTSWAP,3,20250604,204800,0.001925,0.001932,0.001924,0.001929,286.53
MEMEUSDTSWAP,3,20250604,205100,0.00193,0.001935,0.00193,0.001933,198.91
MEMEUSDTSWAP,3,20250604,205400,0.001934,0.001938,0.001932,0.001934,364.79
MEMEUSDTSWAP,3,20250604,205700,0.001934,0.001937,0.001934,0.001937,37.23
MEMEUSDTSWAP,3,20250604,210000,0.001937,0.001943,0.001937,0.001942,61.37
MEMEUSDTSWAP,3,20250604,210300,0.001943,0.001946,0.001941,0.001943,454.86
MEMEUSDTSWAP,3,20250604,210600,0.001942,0.001943,0.001933,0.001933,637.41
MEMEUSDTSWAP,3,20250604,210900,0.001934,0.00194,0.00193,0.001939,274.33
MEMEUSDTSWAP,3,20250604,211200,0.00194,0.00194,0.001935,0.001936,340.08
MEMEUSDTSWAP,3,20250604,211500,0.001937,0.001939,0.001936,0.001937,27.64
MEMEUSDTSWAP,3,20250604,211800,0.001937,0.001941,0.001935,0.001938,28.54
MEMEUSDTSWAP,3,20250604,212100,0.001939,0.001941,0.001938,0.001938,10.27
MEMEUSDTSWAP,3,20250604,212400,0.001939,0.001941,0.001939,0.00194,12.95
MEMEUSDTSWAP,3,20250604,212700,0.001942,0.001943,0.00194,0.001941,48.93
MEMEUSDTSWAP,3,20250604,213000,0.001941,0.001943,0.001936,0.001938,37.19
MEMEUSDTSWAP,3,20250604,213300,0.001937,0.001937,0.001933,0.001934,25.42
MEMEUSDTSWAP,3,20250604,213600,0.001935,0.001936,0.001934,0.001934,40.33
MEMEUSDTSWAP,3,20250604,213900,0.001934,0.001935,0.00193,0.00193,87.44
MEMEUSDTSWAP,3,20250604,214200,0.001931,0.001936,0.00193,0.001934,61.29
MEMEUSDTSWAP,3,20250604,214500,0.001934,0.001935,0.001932,0.001933,60.53
MEMEUSDTSWAP,3,20250604,214800,0.001935,0.001936,0.001929,0.00193,46.11
MEMEUSDTSWAP,3,20250604,215100,0.00193,0.00193,0.001927,0.001927,51.19
MEMEUSDTSWAP,3,20250604,215400,0.001926,0.001928,0.001919,0.001923,252.42
MEMEUSDTSWAP,3,20250604,215700,0.001923,0.001926,0.001923,0.001923,38.08
MEMEUSDTSWAP,3,20250604,220000,0.001924,0.001925,0.001922,0.001922,43.71
MEMEUSDTSWAP,3,20250604,220300,0.001922,0.001927,0.001921,0.001927,105.55
MEMEUSDTSWAP,3,20250604,220600,0.001926,0.001926,0.001919,0.00192,213.86
MEMEUSDTSWAP,3,20250604,220900,0.001921,0.001921,0.001914,0.001918,204.49
MEMEUSDTSWAP,3,20250604,221200,0.001919,0.00192,0.001916,0.001919,15.52
MEMEUSDTSWAP,3,20250604,221500,0.001918,0.00192,0.001913,0.00192,318.69
MEMEUSDTSWAP,3,20250604,221800,0.001919,0.001924,0.001919,0.001923,206.58
MEMEUSDTSWAP,3,20250604,222100,0.001923,0.001927,0.001923,0.001925,152.09
MEMEUSDTSWAP,3,20250604,222400,0.001924,0.001926,0.001923,0.001923,24.6