<TICKER>,<PER>,<DATE>,<TIME>,<OPEN>,<HIGH>,<LOW>,<CLOSE>,<VOL>
MOODENGUSDTSWAP,60,20250531,190000,0.20219,0.20899,0.20132,0.20504,833289.89
MOODENGUSDTSWAP,60,20250531,200000,0.20502,0.20586,0.19923,0.2003,640414.82
MOODENGUSDTSWAP,60,20250531,210000,0.20029,0.20791,0.19984,0.20486,482089.42
MOODENGUSDTSWAP,60,20250531,220000,0.2049,0.20733,0.20468,0.20568,272098.59
MOODENGUSDTSWAP,60,20250531,230000,0.20569,0.20655,0.20426,0.20549,165404.79
MOODENGUSDTSWAP,60,20250601,000000,0.20549,0.20716,0.20383,0.20524,306039.96
MOODENGUSDTSWAP,60,20250601,010000,0.20527,0.20573,0.203,0.20325,174581.11
MOODENGUSDTSWAP,60,20250601,020000,0.20327,0.2084,0.20087,0.20279,605090.07
MOODENGUSDTSWAP,60,20250601,030000,0.20282,0.20664,0.19872,0.2041,702226.32
MOODENGUSDTSWAP,60,20250601,040000,0.2041,0.20594,0.20029,0.20085,356214.71
MOODENGUSDTSWAP,60,20250601,050000,0.20084,0.20407,0.19811,0.20225,446892.3
MOODENGUSDTSWAP,60,20250601,060000,0.20223,0.20236,0.19865,0.19973,270509.32
MOODENGUSDTSWAP,60,20250601,070000,0.19975,0.20227,0.19826,0.20046,281436.96
MOODENGUSDTSWAP,60,20250601,080000,0.20047,0.20197,0.1984,0.19944,290836.66
MOODENGUSDTSWAP,60,20250601,090000,0.19943,0.20054,0.19746,0.19867,376815.81
MOODENGUSDTSWAP,60,20250601,100000,0.1987,0.20089,0.19735,0.20053,274176.99
MOODENGUSDTSWAP,60,20250601,110000,0.20054,0.2009,0.197,0.19829,314535.76
MOODENGUSDTSWAP,60,20250601,120000,0.19827,0.19898,0.1935,0.19505,576221.59
MOODENGUSDTSWAP,60,20250601,130000,0.19507,0.19829,0.19496,0.19812,328873.78
MOODENGUSDTSWAP,60,20250601,140000,0.19812,0.20197,0.19714,0.20098,403059.09
MOODENGUSDTSWAP,60,20250601,150000,0.20099,0.20132,0.19737,0.19866,326541.22
MOODENGUSDTSWAP,60,20250601,160000,0.19863,0.20329,0.1985,0.20144,332510.79
MOODENGUSDTSWAP,60,20250601,170000,0.20143,0.20734,0.20127,0.20514,588182.25
MOODENGUSDTSWAP,60,20250601,180000,0.20513,0.20666,0.20357,0.20482,448696.44
MOODENGUSDTSWAP,60,20250601,190000,0.2048,0.20816,0.20362,0.20428,598697.37
MOODENGUSDTSWAP,60,20250601,200000,0.20431,0.2051,0.2028,0.20324,272551.58
MOODENGUSDTSWAP,60,20250601,210000,0.20323,0.2036,0.20003,0.20274,397403.06
MOODENGUSDTSWAP,60,20250601,220000,0.20275,0.20614,0.20263,0.2052,265331.02
MOODENGUSDTSWAP,60,20250601,230000,0.2052,0.20775,0.20361,0.20578,173397.49
MOODENGUSDTSWAP,60,20250602,000000,0.20578,0.20972,0.20572,0.2084,206814.87
MOODENGUSDTSWAP,60,20250602,010000,0.20838,0.21158,0.20654,0.2074,380438.53
MOODENGUSDTSWAP,60,20250602,020000,0.20741,0.20972,0.20669,0.20856,256500.21
MOODENGUSDTSWAP,60,20250602,030000,0.2086,0.20956,0.20681,0.20773,248907.15
MOODENGUSDTSWAP,60,20250602,040000,0.20777,0.20998,0.20556,0.20578,355525.43
MOODENGUSDTSWAP,60,20250602,050000,0.20578,0.20599,0.20384,0.20454,337021.96
MOODENGUSDTSWAP,60,20250602,060000,0.20455,0.20469,0.20161,0.20243,331620.14
MOODENGUSDTSWAP,60,20250602,070000,0.20241,0.20289,0.19788,0.19901,393730.36
MOODENGUSDTSWAP,60,20250602,080000,0.19896,0.20356,0.19843,0.20086,538532.59
MOODENGUSDTSWAP,60,20250602,090000,0.20089,0.20378,0.19972,0.20221,381644.19
MOODENGUSDTSWAP,60,20250602,100000,0.20218,0.2039,0.20105,0.20161,240737.14
MOODENGUSDTSWAP,60,20250602,110000,0.2016,0.20316,0.19775,0.19885,419322.56
MOODENGUSDTSWAP,60,20250602,120000,0.19889,0.19895,0.18657,0.18777,1429077.95
MOODENGUSDTSWAP,60,20250602,130000,0.18776,0.19096,0.1853,0.19031,1040789.35
MOODENGUSDTSWAP,60,20250602,140000,0.19033,0.1915,0.18861,0.19064,411815.88
MOODENGUSDTSWAP,60,20250602,150000,0.19063,0.19268,0.1898,0.19263,414698.98
MOODENGUSDTSWAP,60,20250602,160000,0.19263,0.19648,0.19044,0.19351,840162.49
MOODENGUSDTSWAP,60,20250602,170000,0.19353,0.19642,0.19132,0.19222,978253.9
MOODENGUSDTSWAP,60,20250602,180000,0.1922,0.19479,0.1902,0.19305,464046.53
MOODENGUSDTSWAP,60,20250602,190000,0.19306,0.19377,0.19072,0.19298,313499.71
MOODENGUSDTSWAP,60,20250602,200000,0.19298,0.19445,0.19113,0.19432,253777.19
MOODENGUSDTSWAP,60,20250602,210000,0.19432,0.1974,0.19352,0.19458,402761.62
MOODENGUSDTSWAP,60,20250602,220000,0.1946,0.19718,0.19169,0.19253,363084.29
MOODENGUSDTSWAP,60,20250602,230000,0.19256,0.20158,0.19256,0.20086,663302.38
MOODENGUSDTSWAP,60,20250603,000000,0.20088,0.2034,0.1996,0.20135,419497.9
MOODENGUSDTSWAP,60,20250603,010000,0.20133,0.21785,0.20127,0.21266,2052877.65
MOODENGUSDTSWAP,60,20250603,020000,0.21267,0.21361,0.20539,0.2059,1493137.36
MOODENGUSDTSWAP,60,20250603,030000,0.20591,0.21543,0.20336,0.21312,1570504.81
MOODENGUSDTSWAP,60,20250603,040000,0.21315,0.21898,0.21134,0.21658,1241730.48
MOODENGUSDTSWAP,60,20250603,050000,0.2166,0.22063,0.21079,0.2134,1268586.13
MOODENGUSDTSWAP,60,20250603,060000,0.21344,0.22818,0.21335,0.22625,1951355.35
MOODENGUSDTSWAP,60,20250603,070000,0.22626,0.22978,0.21555,0.21634,2630701.94
MOODENGUSDTSWAP,60,20250603,080000,0.21634,0.22002,0.21396,0.21815,1207504.96
MOODENGUSDTSWAP,60,20250603,090000,0.21815,0.21868,0.21354,0.21851,707153.95
MOODENGUSDTSWAP,60,20250603,100000,0.21849,0.22289,0.21671,0.21933,960763.02
MOODENGUSDTSWAP,60,20250603,110000,0.21935,0.22055,0.21274,0.21637,1060721.32
MOODENGUSDTSWAP,60,20250603,120000,0.21635,0.21975,0.21345,0.21722,707887.46
MOODENGUSDTSWAP,60,20250603,130000,0.21723,0.21926,0.21627,0.21782,564915.52
MOODENGUSDTSWAP,60,20250603,140000,0.21783,0.22187,0.21783,0.22119,844674.82
MOODENGUSDTSWAP,60,20250603,150000,0.22119,0.22365,0.21796,0.22311,1126214.32
MOODENGUSDTSWAP,60,20250603,160000,0.2231,0.23478,0.2211,0.2215,3458175.83
MOODENGUSDTSWAP,60,20250603,170000,0.22148,0.22672,0.21717,0.22581,2367378.68
MOODENGUSDTSWAP,60,20250603,180000,0.22579,0.22665,0.22075,0.22212,1223555.56
MOODENGUSDTSWAP,60,20250603,190000,0.22213,0.22253,0.21629,0.21666,1086255.02
MOODENGUSDTSWAP,60,20250603,200000,0.21666,0.22065,0.21597,0.21864,607367.31
MOODENGUSDTSWAP,60,20250603,210000,0.21863,0.21883,0.21554,0.21589,353824.67
MOODENGUSDTSWAP,60,20250603,220000,0.21589,0.21967,0.21564,0.21671,465667.39
MOODENGUSDTSWAP,60,20250603,230000,0.21672,0.2175,0.20926,0.21131,973783.86
MOODENGUSDTSWAP,60,20250604,000000,0.2113,0.21262,0.2065,0.20755,523803.61
MOODENGUSDTSWAP,60,20250604,010000,0.20762,0.20976,0.20665,0.20754,449246.5
MOODENGUSDTSWAP,60,20250604,020000,0.20757,0.20846,0.20623,0.20747,394717.81
MOODENGUSDTSWAP,60,20250604,030000,0.20745,0.20833,0.2036,0.20682,699319.34
MOODENGUSDTSWAP,60,20250604,040000,0.20683,0.2101,0.20647,0.20882,622667.51
MOODENGUSDTSWAP,60,20250604,050000,0.20883,0.21023,0.20686,0.20725,402096.94
MOODENGUSDTSWAP,60,20250604,060000,0.2072,0.20972,0.20601,0.2071,440042.45
MOODENGUSDTSWAP,60,20250604,070000,0.20709,0.20792,0.20531,0.20676,379867.46
MOODENGUSDTSWAP,60,20250604,080000,0.20678,0.20782,0.20479,0.20538,331747.91
MOODENGUSDTSWAP,60,20250604,090000,0.20537,0.20643,0.20424,0.20469,287586.39
MOODENGUSDTSWAP,60,20250604,100000,0.20472,0.20589,0.20375,0.20498,301706.92
MOODENGUSDTSWAP,60,20250604,110000,0.20496,0.20687,0.20437,0.2049,378159.81
MOODENGUSDTSWAP,60,20250604,120000,0.2049,0.20577,0.20142,0.20382,674387.37
MOODENGUSDTSWAP,60,20250604,130000,0.20382,0.20486,0.2008,0.20102,383367.69
MOODENGUSDTSWAP,60,20250604,140000,0.20102,0.20188,0.1987,0.20017,550564.23
MOODENGUSDTSWAP,60,20250604,150000,0.20019,0.2008,0.19809,0.19955,414766.25
MOODENGUSDTSWAP,60,20250604,160000,0.19952,0.20297,0.19855,0.20065,555535.31
MOODENGUSDTSWAP,60,20250604,170000,0.20063,0.20184,0.19824,0.20141,524545.93
MOODENGUSDTSWAP,60,20250604,180000,0.20142,0.2035,0.20045,0.20228,573020.97
MOODENGUSDTSWAP,60,20250604,190000,0.20227,0.20298,0.20021,0.20187,308781.94
MOODENGUSDTSWAP,60,20250604,200000,0.20187,0.20204,0.19564,0.19812,712424.06
MOODENGUSDTSWAP,60,20250604,210000,0.19815,0.20111,0.19815,0.19854,266622.12
MOODENGUSDTSWAP,60,20250604,220000,0.19852,0.19959,0.19831,0.19903,49737.2