<TICKER>,<PER>,<DATE>,<TIME>,<OPEN>,<HIGH>,<LOW>,<CLOSE>,<VOL>
NCUSDTSWAP,3,20250604,172700,0.03597,0.03605,0.03597,0.03597,240.17
NCUSDTSWAP,3,20250604,173000,0.03598,0.03598,0.03596,0.03596,159.82
NCUSDTSWAP,3,20250604,173300,0.03599,0.03603,0.03599,0.03601,121.75
NCUSDTSWAP,3,20250604,173600,0.03599,0.03602,0.03593,0.03598,159.26
NCUSDTSWAP,3,20250604,173900,0.03597,0.03604,0.03597,0.03601,108.38
NCUSDTSWAP,3,20250604,174200,0.03601,0.03604,0.03598,0.03604,152.68
NCUSDTSWAP,3,20250604,174500,0.03601,0.03602,0.03591,0.03597,234.93
NCUSDTSWAP,3,20250604,174800,0.03601,0.03607,0.03601,0.03603,107.06
NCUSDTSWAP,3,20250604,175100,0.03602,0.03602,0.03591,0.03597,129.89
NCUSDTSWAP,3,20250604,175400,0.03595,0.03613,0.03595,0.0361,167.17
NCUSDTSWAP,3,20250604,175700,0.03611,0.03625,0.03607,0.03625,256.27
NCUSDTSWAP,3,20250604,180000,0.03624,0.03625,0.03605,0.03605,375.16
NCUSDTSWAP,3,20250604,180300,0.03603,0.03605,0.03597,0.03599,59.56
NCUSDTSWAP,3,20250604,180600,0.036,0.03611,0.03589,0.03603,1057.75
NCUSDTSWAP,3,20250604,180900,0.03603,0.03609,0.03599,0.03604,234.45
NCUSDTSWAP,3,20250604,181200,0.03607,0.03607,0.03601,0.03602,397.02
NCUSDTSWAP,3,20250604,181500,0.03602,0.03621,0.03602,0.03611,365.78
NCUSDTSWAP,3,20250604,181800,0.03614,0.03615,0.03605,0.03605,112.5
NCUSDTSWAP,3,20250604,182100,0.03603,0.03609,0.036,0.03603,14.7
NCUSDTSWAP,3,20250604,182400,0.03604,0.03615,0.03604,0.03613,458.43
NCUSDTSWAP,3,20250604,182700,0.03612,0.03619,0.03609,0.03619,201.01
NCUSDTSWAP,3,20250604,183000,0.0362,0.03627,0.03614,0.03627,1018.16
NCUSDTSWAP,3,20250604,183300,0.03626,0.0363,0.03625,0.0363,98.41
NCUSDTSWAP,3,20250604,183600,0.0363,0.03642,0.0363,0.03641,380.75
NCUSDTSWAP,3,20250604,183900,0.03641,0.03641,0.03634,0.03634,143.64
NCUSDTSWAP,3,20250604,184200,0.03637,0.03639,0.03631,0.03631,349.99
NCUSDTSWAP,3,20250604,184500,0.03633,0.03643,0.03624,0.03631,1106.94
NCUSDTSWAP,3,20250604,184800,0.03633,0.03639,0.03633,0.03639,221.29
NCUSDTSWAP,3,20250604,185100,0.03638,0.03641,0.03635,0.03641,37.8
NCUSDTSWAP,3,20250604,185400,0.03641,0.03649,0.03639,0.03649,518.11
NCUSDTSWAP,3,20250604,185700,0.03648,0.03652,0.03645,0.03652,675.14
NCUSDTSWAP,3,20250604,190000,0.03653,0.03655,0.03629,0.03629,241.17
NCUSDTSWAP,3,20250604,190300,0.03631,0.03665,0.03627,0.03652,1270.01
NCUSDTSWAP,3,20250604,190600,0.03653,0.03653,0.03636,0.03642,120.48
NCUSDTSWAP,3,20250604,190900,0.03642,0.03652,0.03641,0.03652,82.82
NCUSDTSWAP,3,20250604,191200,0.03652,0.0366,0.03651,0.0366,146.08
NCUSDTSWAP,3,20250604,191500,0.03659,0.03662,0.03656,0.03662,83.32
NCUSDTSWAP,3,20250604,191800,0.03661,0.03769,0.03653,0.03769,13071.05
NCUSDTSWAP,3,20250604,192100,0.03762,0.03845,0.03682,0.03701,30897.61
NCUSDTSWAP,3,20250604,192400,0.03697,0.03711,0.03613,0.03645,15311.9
NCUSDTSWAP,3,20250604,192700,0.03649,0.03682,0.03638,0.03682,4081.04
NCUSDTSWAP,3,20250604,193000,0.03682,0.03699,0.03665,0.0368,2371.5
NCUSDTSWAP,3,20250604,193300,0.03682,0.03692,0.0368,0.03685,806.95
NCUSDTSWAP,3,20250604,193600,0.03687,0.03725,0.0367,0.03716,2181.16
NCUSDTSWAP,3,20250604,193900,0.03725,0.03794,0.03719,0.03778,5592.86
NCUSDTSWAP,3,20250604,194200,0.03776,0.03776,0.03709,0.03729,10628.84
NCUSDTSWAP,3,20250604,194500,0.03733,0.03748,0.03714,0.03747,4446.49
NCUSDTSWAP,3,20250604,194800,0.03746,0.0376,0.0372,0.03733,2797.18
NCUSDTSWAP,3,20250604,195100,0.03733,0.03765,0.03732,0.03754,3044.75
NCUSDTSWAP,3,20250604,195400,0.03751,0.03771,0.03738,0.03743,2085.78
NCUSDTSWAP,3,20250604,195700,0.03743,0.03749,0.0372,0.03746,3498.99
NCUSDTSWAP,3,20250604,200000,0.03747,0.03763,0.03735,0.03739,1560.89
NCUSDTSWAP,3,20250604,200300,0.03738,0.03739,0.03726,0.03733,1031.99
NCUSDTSWAP,3,20250604,200600,0.03737,0.03765,0.03737,0.03764,531.29
NCUSDTSWAP,3,20250604,200900,0.03763,0.03815,0.03761,0.0377,8122.96
NCUSDTSWAP,3,20250604,201200,0.03772,0.03811,0.03766,0.03801,4549.37
NCUSDTSWAP,3,20250604,201500,0.038,0.03825,0.03778,0.03783,5445.86
NCUSDTSWAP,3,20250604,201800,0.03785,0.03815,0.03771,0.03815,1997.53
NCUSDTSWAP,3,20250604,202100,0.03817,0.03842,0.03809,0.03822,3646.15
NCUSDTSWAP,3,20250604,202400,0.03822,0.0385,0.03781,0.03804,7988.52
NCUSDTSWAP,3,20250604,202700,0.03807,0.03816,0.0379,0.03815,3065.17
NCUSDTSWAP,3,20250604,203000,0.03815,0.03842,0.03785,0.03788,5816.46
NCUSDTSWAP,3,20250604,203300,0.03792,0.03841,0.0378,0.0382,3943.38
NCUSDTSWAP,3,20250604,203600,0.03819,0.03819,0.03785,0.03807,1375.6
NCUSDTSWAP,3,20250604,203900,0.03808,0.0384,0.03806,0.03809,2886.77
NCUSDTSWAP,3,20250604,204200,0.03812,0.03834,0.03806,0.03811,910.61
NCUSDTSWAP,3,20250604,204500,0.0381,0.03834,0.03794,0.0383,2706.32
NCUSDTSWAP,3,20250604,204800,0.03831,0.03832,0.03801,0.03818,1028.28
NCUSDTSWAP,3,20250604,205100,0.03819,0.03822,0.03793,0.03805,1572.86
NCUSDTSWAP,3,20250604,205400,0.03806,0.03851,0.03804,0.0384,2194.81
NCUSDTSWAP,3,20250604,205700,0.03837,0.03847,0.03806,0.0381,2762.52
NCUSDTSWAP,3,20250604,210000,0.0381,0.0385,0.03805,0.0385,1058.49
NCUSDTSWAP,3,20250604,210300,0.0385,0.03875,0.0384,0.03859,3274.31
NCUSDTSWAP,3,20250604,210600,0.0386,0.03899,0.0386,0.03881,4442.51
NCUSDTSWAP,3,20250604,210900,0.03876,0.03912,0.03857,0.03897,4245.46
NCUSDTSWAP,3,20250604,211200,0.03901,0.03916,0.0385,0.03869,5926.79
NCUSDTSWAP,3,20250604,211500,0.03868,0.03904,0.03863,0.03879,4019.63
NCUSDTSWAP,3,20250604,211800,0.03874,0.03881,0.03855,0.03876,1916.74
NCUSDTSWAP,3,20250604,212100,0.03877,0.03895,0.03875,0.03886,1579.84
NCUSDTSWAP,3,20250604,212400,0.03888,0.03909,0.0388,0.03901,3213.94
NCUSDTSWAP,3,20250604,212700,0.03899,0.03899,0.03873,0.03888,2197.79
NCUSDTSWAP,3,20250604,213000,0.03888,0.03933,0.03886,0.0391,2350.1
NCUSDTSWAP,3,20250604,213300,0.03906,0.0392,0.03884,0.03918,3012.42
NCUSDTSWAP,3,20250604,213600,0.03916,0.03925,0.03896,0.03908,2821.63
NCUSDTSWAP,3,20250604,213900,0.03907,0.0392,0.03895,0.0392,2384.68
NCUSDTSWAP,3,20250604,214200,0.0392,0.03956,0.03915,0.03918,11943.46
NCUSDTSWAP,3,20250604,214500,0.03921,0.03935,0.03916,0.03929,1877.61
NCUSDTSWAP,3,20250604,214800,0.03929,0.03948,0.03924,0.0393,3561.91
NCUSDTSWAP,3,20250604,215100,0.03931,0.03934,0.03875,0.03902,6466.61
NCUSDTSWAP,3,20250604,215400,0.03905,0.03915,0.03881,0.03881,3488.38
NCUSDTSWAP,3,20250604,215700,0.03885,0.03895,0.03765,0.03768,21788.36
NCUSDTSWAP,3,20250604,220000,0.03768,0.03842,0.03765,0.03819,8700.69
NCUSDTSWAP,3,20250604,220300,0.03821,0.03822,0.03785,0.0379,5426.51
NCUSDTSWAP,3,20250604,220600,0.03794,0.03799,0.0378,0.03796,1566.92
NCUSDTSWAP,3,20250604,220900,0.03795,0.03819,0.0379,0.03819,1806.53
NCUSDTSWAP,3,20250604,221200,0.03815,0.03828,0.03797,0.03807,2269.16
NCUSDTSWAP,3,20250604,221500,0.03807,0.03826,0.03795,0.03826,1824.24
NCUSDTSWAP,3,20250604,221800,0.03826,0.03884,0.03818,0.03843,7681.19
NCUSDTSWAP,3,20250604,222100,0.03841,0.03862,0.03841,0.03861,2281.29
NCUSDTSWAP,3,20250604,222400,0.03859,0.03866,0.03859,0.03866,208.73