<TICKER>,<PER>,<DATE>,<TIME>,<OPEN>,<HIGH>,<LOW>,<CLOSE>,<VOL>
NEIROETHUSDTSWAP,60,20250531,190000,0.07395,0.07444,0.07247,0.07374,7927.29
NEIROETHUSDTSWAP,60,20250531,200000,0.07372,0.07485,0.07359,0.07458,1770.02
NEIROETHUSDTSWAP,60,20250531,210000,0.07459,0.07826,0.07426,0.07761,6798.43
NEIROETHUSDTSWAP,60,20250531,220000,0.0776,0.07835,0.07564,0.07675,5733.32
NEIROETHUSDTSWAP,60,20250531,230000,0.07674,0.07674,0.07552,0.07573,2168.52
NEIROETHUSDTSWAP,60,20250601,000000,0.07575,0.07684,0.07506,0.07574,1870.34
NEIROETHUSDTSWAP,60,20250601,010000,0.07574,0.07602,0.07486,0.07534,1249.41
NEIROETHUSDTSWAP,60,20250601,020000,0.07533,0.07585,0.07458,0.07503,958.2
NEIROETHUSDTSWAP,60,20250601,030000,0.07503,0.07519,0.07373,0.07392,1631.53
NEIROETHUSDTSWAP,60,20250601,040000,0.07388,0.07425,0.07326,0.07349,996.27
NEIROETHUSDTSWAP,60,20250601,050000,0.07349,0.07533,0.07304,0.07459,1611.27
NEIROETHUSDTSWAP,60,20250601,060000,0.07462,0.07479,0.07371,0.07425,1077.29
NEIROETHUSDTSWAP,60,20250601,070000,0.07425,0.07516,0.07411,0.07459,787.64
NEIROETHUSDTSWAP,60,20250601,080000,0.07456,0.07596,0.0745,0.07512,1138.31
NEIROETHUSDTSWAP,60,20250601,090000,0.07511,0.076,0.07468,0.07511,1061.15
NEIROETHUSDTSWAP,60,20250601,100000,0.07513,0.07592,0.07474,0.07586,1123.72
NEIROETHUSDTSWAP,60,20250601,110000,0.07585,0.07591,0.07463,0.07495,1358.7
NEIROETHUSDTSWAP,60,20250601,120000,0.07495,0.07532,0.06965,0.06996,18093.83
NEIROETHUSDTSWAP,60,20250601,130000,0.06995,0.07325,0.06825,0.07258,19322.99
NEIROETHUSDTSWAP,60,20250601,140000,0.07256,0.07271,0.07105,0.0719,2925.26
NEIROETHUSDTSWAP,60,20250601,150000,0.07191,0.07197,0.07094,0.07143,1537.65
NEIROETHUSDTSWAP,60,20250601,160000,0.07142,0.07215,0.07116,0.07168,1454.47
NEIROETHUSDTSWAP,60,20250601,170000,0.07164,0.07426,0.07155,0.07314,3107.74
NEIROETHUSDTSWAP,60,20250601,180000,0.0732,0.07354,0.07227,0.07275,1241.47
NEIROETHUSDTSWAP,60,20250601,190000,0.0727,0.0747,0.07208,0.07394,2855.44
NEIROETHUSDTSWAP,60,20250601,200000,0.07393,0.07966,0.07352,0.07628,11531.53
NEIROETHUSDTSWAP,60,20250601,210000,0.07629,0.07777,0.07501,0.07569,4941.38
NEIROETHUSDTSWAP,60,20250601,220000,0.0757,0.07866,0.07549,0.07797,4968.19
NEIROETHUSDTSWAP,60,20250601,230000,0.07801,0.07955,0.07772,0.07817,5938.75
NEIROETHUSDTSWAP,60,20250602,000000,0.07817,0.08042,0.07815,0.07958,7493.38
NEIROETHUSDTSWAP,60,20250602,010000,0.07958,0.0796,0.07873,0.07936,4534.31
NEIROETHUSDTSWAP,60,20250602,020000,0.07934,0.0796,0.07796,0.07932,11598.32
NEIROETHUSDTSWAP,60,20250602,030000,0.07933,0.07998,0.07758,0.07796,4834.61
NEIROETHUSDTSWAP,60,20250602,040000,0.07796,0.07914,0.07762,0.07818,2822.7
NEIROETHUSDTSWAP,60,20250602,050000,0.07818,0.07818,0.07673,0.07697,2770.0
NEIROETHUSDTSWAP,60,20250602,060000,0.07698,0.07703,0.07563,0.07654,2104.63
NEIROETHUSDTSWAP,60,20250602,070000,0.07652,0.07723,0.07604,0.0761,1713.89
NEIROETHUSDTSWAP,60,20250602,080000,0.0761,0.0768,0.07586,0.07621,1435.85
NEIROETHUSDTSWAP,60,20250602,090000,0.0762,0.07671,0.0754,0.07605,1512.8
NEIROETHUSDTSWAP,60,20250602,100000,0.07605,0.07723,0.07589,0.0767,1586.56
NEIROETHUSDTSWAP,60,20250602,110000,0.07678,0.07757,0.07599,0.07621,1861.15
NEIROETHUSDTSWAP,60,20250602,120000,0.07622,0.07626,0.07403,0.07447,3153.68
NEIROETHUSDTSWAP,60,20250602,130000,0.07446,0.07506,0.07399,0.0746,2037.23
NEIROETHUSDTSWAP,60,20250602,140000,0.07462,0.07525,0.07412,0.07439,5640.53
NEIROETHUSDTSWAP,60,20250602,150000,0.07439,0.07513,0.07322,0.075,3043.37
NEIROETHUSDTSWAP,60,20250602,160000,0.075,0.07526,0.07363,0.07397,1454.25
NEIROETHUSDTSWAP,60,20250602,170000,0.07395,0.07545,0.07366,0.07451,2254.29
NEIROETHUSDTSWAP,60,20250602,180000,0.07449,0.07472,0.07343,0.07402,1728.99
NEIROETHUSDTSWAP,60,20250602,190000,0.07404,0.07435,0.0733,0.07377,2792.2
NEIROETHUSDTSWAP,60,20250602,200000,0.07379,0.07498,0.07339,0.0745,2545.75
NEIROETHUSDTSWAP,60,20250602,210000,0.07457,0.07585,0.07394,0.07415,2019.21
NEIROETHUSDTSWAP,60,20250602,220000,0.07413,0.07434,0.07301,0.07376,1603.36
NEIROETHUSDTSWAP,60,20250602,230000,0.07377,0.07663,0.07367,0.07658,1620.36
NEIROETHUSDTSWAP,60,20250603,000000,0.0766,0.07948,0.07655,0.07917,3700.62
NEIROETHUSDTSWAP,60,20250603,010000,0.07916,0.0795,0.07833,0.07863,3946.21
NEIROETHUSDTSWAP,60,20250603,020000,0.07861,0.07903,0.07741,0.07752,1409.32
NEIROETHUSDTSWAP,60,20250603,030000,0.07749,0.08343,0.07645,0.0825,13441.34
NEIROETHUSDTSWAP,60,20250603,040000,0.08254,0.10073,0.08225,0.09813,97610.73
NEIROETHUSDTSWAP,60,20250603,050000,0.09814,0.1022,0.09627,0.10032,69009.3
NEIROETHUSDTSWAP,60,20250603,060000,0.10035,0.1022,0.09684,0.10101,58774.59
NEIROETHUSDTSWAP,60,20250603,070000,0.10102,0.10139,0.0865,0.08966,171619.34
NEIROETHUSDTSWAP,60,20250603,080000,0.08963,0.095,0.08912,0.09473,43404.76
NEIROETHUSDTSWAP,60,20250603,090000,0.09472,0.09495,0.09241,0.09422,32394.71
NEIROETHUSDTSWAP,60,20250603,100000,0.09426,0.09591,0.09251,0.09524,37707.68
NEIROETHUSDTSWAP,60,20250603,110000,0.09525,0.09558,0.09097,0.09373,57476.33
NEIROETHUSDTSWAP,60,20250603,120000,0.09367,0.09444,0.09266,0.09411,22151.27
NEIROETHUSDTSWAP,60,20250603,130000,0.09412,0.09477,0.09319,0.0938,19557.38
NEIROETHUSDTSWAP,60,20250603,140000,0.0938,0.09428,0.09183,0.09285,18253.67
NEIROETHUSDTSWAP,60,20250603,150000,0.09288,0.0932,0.09116,0.09175,24747.97
NEIROETHUSDTSWAP,60,20250603,160000,0.09175,0.0958,0.09175,0.09399,36241.89
NEIROETHUSDTSWAP,60,20250603,170000,0.09401,0.09545,0.09336,0.09524,25218.09
NEIROETHUSDTSWAP,60,20250603,180000,0.09519,0.09716,0.09315,0.09504,33391.8
NEIROETHUSDTSWAP,60,20250603,190000,0.09502,0.0965,0.09335,0.09336,22281.14
NEIROETHUSDTSWAP,60,20250603,200000,0.0934,0.09528,0.09331,0.09439,9128.45
NEIROETHUSDTSWAP,60,20250603,210000,0.09437,0.09463,0.09251,0.0936,8662.79
NEIROETHUSDTSWAP,60,20250603,220000,0.09358,0.09573,0.09357,0.09492,6834.52
NEIROETHUSDTSWAP,60,20250603,230000,0.09492,0.09515,0.092,0.09294,8532.83
NEIROETHUSDTSWAP,60,20250604,000000,0.09292,0.09378,0.09172,0.09264,7037.95
NEIROETHUSDTSWAP,60,20250604,010000,0.09267,0.09397,0.09256,0.09279,4526.56
NEIROETHUSDTSWAP,60,20250604,020000,0.09274,0.09336,0.09159,0.09277,8832.19
NEIROETHUSDTSWAP,60,20250604,030000,0.09277,0.09375,0.09136,0.09339,11222.67
NEIROETHUSDTSWAP,60,20250604,040000,0.09341,0.09531,0.09302,0.09342,8543.65
NEIROETHUSDTSWAP,60,20250604,050000,0.09346,0.09422,0.09338,0.09377,4007.75
NEIROETHUSDTSWAP,60,20250604,060000,0.09377,0.09547,0.09339,0.09427,10227.21
NEIROETHUSDTSWAP,60,20250604,070000,0.09426,0.09484,0.09392,0.09447,6092.78
NEIROETHUSDTSWAP,60,20250604,080000,0.09446,0.09488,0.09286,0.09293,8672.37
NEIROETHUSDTSWAP,60,20250604,090000,0.09298,0.09489,0.09298,0.09396,4384.47
NEIROETHUSDTSWAP,60,20250604,100000,0.09394,0.09473,0.09336,0.09432,3569.34
NEIROETHUSDTSWAP,60,20250604,110000,0.09431,0.09509,0.09396,0.09435,4435.49
NEIROETHUSDTSWAP,60,20250604,120000,0.09435,0.09518,0.09356,0.0948,4519.84
NEIROETHUSDTSWAP,60,20250604,130000,0.0948,0.09515,0.09341,0.09357,3279.99
NEIROETHUSDTSWAP,60,20250604,140000,0.09352,0.0941,0.09319,0.09364,4512.25
NEIROETHUSDTSWAP,60,20250604,150000,0.09364,0.09421,0.0925,0.09345,4654.47
NEIROETHUSDTSWAP,60,20250604,160000,0.09344,0.09415,0.09274,0.093,3397.76
NEIROETHUSDTSWAP,60,20250604,170000,0.093,0.0936,0.09227,0.09312,9228.67
NEIROETHUSDTSWAP,60,20250604,180000,0.09311,0.09439,0.0925,0.09402,6914.07
NEIROETHUSDTSWAP,60,20250604,190000,0.09402,0.09474,0.0936,0.09449,3800.29
NEIROETHUSDTSWAP,60,20250604,200000,0.09449,0.09463,0.0921,0.09288,5711.92
NEIROETHUSDTSWAP,60,20250604,210000,0.0929,0.0932,0.0904,0.09108,4910.14
NEIROETHUSDTSWAP,60,20250604,220000,0.09112,0.0929,0.091,0.09214,2979.26