<TICKER>,<PER>,<DATE>,<TIME>,<OPEN>,<HIGH>,<LOW>,<CLOSE>,<VOL>
NEIROUSDTSWAP,60,20250531,190000,0.0004402,0.0004585,0.0004371,0.0004544,3363.62
NEIROUSDTSWAP,60,20250531,200000,0.0004543,0.0004555,0.0004463,0.0004489,2411.67
NEIROUSDTSWAP,60,20250531,210000,0.0004489,0.0004877,0.0004482,0.000479,5643.93
NEIROUSDTSWAP,60,20250531,220000,0.0004791,0.0004861,0.000467,0.0004724,4425.96
NEIROUSDTSWAP,60,20250531,230000,0.0004723,0.0004727,0.0004623,0.0004679,2458.46
NEIROUSDTSWAP,60,20250601,000000,0.0004677,0.0004701,0.0004576,0.0004605,1230.22
NEIROUSDTSWAP,60,20250601,010000,0.0004606,0.0004609,0.0004536,0.000454,756.7
NEIROUSDTSWAP,60,20250601,020000,0.000454,0.0004607,0.0004489,0.0004501,1807.45
NEIROUSDTSWAP,60,20250601,030000,0.00045,0.0004568,0.0004447,0.0004529,1622.52
NEIROUSDTSWAP,60,20250601,040000,0.0004529,0.0004559,0.0004462,0.0004485,1624.32
NEIROUSDTSWAP,60,20250601,050000,0.0004485,0.0004592,0.0004432,0.000458,2148.51
NEIROUSDTSWAP,60,20250601,060000,0.0004581,0.0004583,0.0004504,0.0004511,1169.52
NEIROUSDTSWAP,60,20250601,070000,0.000451,0.0004544,0.0004468,0.0004482,1032.61
NEIROUSDTSWAP,60,20250601,080000,0.0004481,0.0004491,0.000444,0.0004463,845.74
NEIROUSDTSWAP,60,20250601,090000,0.0004463,0.0004474,0.0004395,0.0004402,906.11
NEIROUSDTSWAP,60,20250601,100000,0.0004402,0.0004451,0.0004368,0.0004445,1070.53
NEIROUSDTSWAP,60,20250601,110000,0.0004445,0.000445,0.0004383,0.0004399,737.04
NEIROUSDTSWAP,60,20250601,120000,0.0004399,0.0004418,0.0004305,0.0004336,1661.03
NEIROUSDTSWAP,60,20250601,130000,0.0004336,0.0004371,0.0004311,0.000435,856.19
NEIROUSDTSWAP,60,20250601,140000,0.0004351,0.0004386,0.0004327,0.0004356,1061.99
NEIROUSDTSWAP,60,20250601,150000,0.0004356,0.0004375,0.0004311,0.0004346,709.41
NEIROUSDTSWAP,60,20250601,160000,0.0004345,0.0004466,0.0004344,0.0004409,1731.35
NEIROUSDTSWAP,60,20250601,170000,0.0004409,0.0004541,0.0004406,0.0004488,1346.01
NEIROUSDTSWAP,60,20250601,180000,0.0004488,0.0004555,0.0004458,0.0004522,716.41
NEIROUSDTSWAP,60,20250601,190000,0.0004521,0.0004637,0.0004504,0.000458,1737.69
NEIROUSDTSWAP,60,20250601,200000,0.0004582,0.0004583,0.0004493,0.0004504,1164.18
NEIROUSDTSWAP,60,20250601,210000,0.0004503,0.0004517,0.0004431,0.0004474,1167.23
NEIROUSDTSWAP,60,20250601,220000,0.0004474,0.0004539,0.0004474,0.0004512,612.06
NEIROUSDTSWAP,60,20250601,230000,0.0004513,0.0004565,0.0004479,0.0004527,626.81
NEIROUSDTSWAP,60,20250602,000000,0.0004527,0.0004561,0.0004511,0.0004543,327.7
NEIROUSDTSWAP,60,20250602,010000,0.0004542,0.0004593,0.0004504,0.0004518,833.8
NEIROUSDTSWAP,60,20250602,020000,0.0004518,0.0004568,0.0004517,0.0004554,569.58
NEIROUSDTSWAP,60,20250602,030000,0.0004555,0.0004591,0.0004531,0.0004561,688.44
NEIROUSDTSWAP,60,20250602,040000,0.0004561,0.0004602,0.000448,0.0004491,867.48
NEIROUSDTSWAP,60,20250602,050000,0.0004492,0.0004507,0.0004457,0.0004474,610.81
NEIROUSDTSWAP,60,20250602,060000,0.0004475,0.0004478,0.0004424,0.0004457,640.33
NEIROUSDTSWAP,60,20250602,070000,0.0004456,0.0004467,0.0004405,0.000441,569.18
NEIROUSDTSWAP,60,20250602,080000,0.0004411,0.0004452,0.0004384,0.0004421,475.0
NEIROUSDTSWAP,60,20250602,090000,0.000442,0.0004489,0.0004382,0.0004447,652.04
NEIROUSDTSWAP,60,20250602,100000,0.0004448,0.0004523,0.0004448,0.0004475,744.08
NEIROUSDTSWAP,60,20250602,110000,0.0004473,0.0004479,0.0004387,0.0004394,728.17
NEIROUSDTSWAP,60,20250602,120000,0.0004395,0.0004396,0.0004329,0.0004349,863.09
NEIROUSDTSWAP,60,20250602,130000,0.0004348,0.0004375,0.0004321,0.0004344,973.06
NEIROUSDTSWAP,60,20250602,140000,0.0004345,0.0004393,0.000434,0.0004373,431.77
NEIROUSDTSWAP,60,20250602,150000,0.0004372,0.0004447,0.0004329,0.0004447,508.79
NEIROUSDTSWAP,60,20250602,160000,0.0004447,0.0004494,0.0004396,0.0004427,1326.82
NEIROUSDTSWAP,60,20250602,170000,0.0004426,0.0004531,0.0004397,0.0004462,1610.72
NEIROUSDTSWAP,60,20250602,180000,0.0004462,0.0004497,0.0004428,0.0004439,649.93
NEIROUSDTSWAP,60,20250602,190000,0.000444,0.000445,0.0004383,0.0004446,477.63
NEIROUSDTSWAP,60,20250602,200000,0.0004447,0.0004465,0.0004394,0.0004448,361.44
NEIROUSDTSWAP,60,20250602,210000,0.0004449,0.0004496,0.0004414,0.0004423,349.68
NEIROUSDTSWAP,60,20250602,220000,0.0004423,0.0004445,0.0004338,0.0004387,651.69
NEIROUSDTSWAP,60,20250602,230000,0.0004388,0.0004523,0.0004388,0.0004519,923.08
NEIROUSDTSWAP,60,20250603,000000,0.000452,0.0004599,0.0004509,0.0004565,988.26
NEIROUSDTSWAP,60,20250603,010000,0.0004564,0.0004753,0.0004562,0.0004599,2024.14
NEIROUSDTSWAP,60,20250603,020000,0.00046,0.0004625,0.0004546,0.0004548,1106.45
NEIROUSDTSWAP,60,20250603,030000,0.0004549,0.0004692,0.0004509,0.0004646,1240.47
NEIROUSDTSWAP,60,20250603,040000,0.0004648,0.0004785,0.0004639,0.0004753,1662.62
NEIROUSDTSWAP,60,20250603,050000,0.0004752,0.0004779,0.0004598,0.0004624,1439.49
NEIROUSDTSWAP,60,20250603,060000,0.0004622,0.0004699,0.0004567,0.0004684,1314.49
NEIROUSDTSWAP,60,20250603,070000,0.0004685,0.0004703,0.0004538,0.0004561,1162.91
NEIROUSDTSWAP,60,20250603,080000,0.000456,0.0004623,0.0004547,0.0004607,935.93
NEIROUSDTSWAP,60,20250603,090000,0.0004606,0.0004661,0.0004566,0.000466,523.99
NEIROUSDTSWAP,60,20250603,100000,0.000466,0.0004669,0.0004605,0.0004622,575.56
NEIROUSDTSWAP,60,20250603,110000,0.0004622,0.0004675,0.0004559,0.0004649,953.08
NEIROUSDTSWAP,60,20250603,120000,0.000465,0.0004722,0.000465,0.0004676,642.56
NEIROUSDTSWAP,60,20250603,130000,0.0004677,0.0004707,0.0004626,0.0004647,672.87
NEIROUSDTSWAP,60,20250603,140000,0.0004648,0.000471,0.0004648,0.0004685,574.11
NEIROUSDTSWAP,60,20250603,150000,0.0004685,0.0004725,0.0004654,0.0004713,916.97
NEIROUSDTSWAP,60,20250603,160000,0.0004713,0.0004859,0.0004713,0.0004784,2333.52
NEIROUSDTSWAP,60,20250603,170000,0.0004785,0.0004872,0.0004712,0.0004838,1708.3
NEIROUSDTSWAP,60,20250603,180000,0.0004837,0.000486,0.000477,0.0004804,1090.82
NEIROUSDTSWAP,60,20250603,190000,0.0004804,0.0004817,0.0004693,0.0004707,1008.84
NEIROUSDTSWAP,60,20250603,200000,0.0004707,0.0004808,0.0004695,0.0004774,702.83
NEIROUSDTSWAP,60,20250603,210000,0.0004772,0.0004789,0.0004697,0.0004727,661.35
NEIROUSDTSWAP,60,20250603,220000,0.0004726,0.0004891,0.0004726,0.000481,1275.8
NEIROUSDTSWAP,60,20250603,230000,0.0004811,0.0004815,0.0004653,0.0004716,1553.25
NEIROUSDTSWAP,60,20250604,000000,0.0004717,0.000476,0.0004606,0.0004652,822.34
NEIROUSDTSWAP,60,20250604,010000,0.0004653,0.0004718,0.0004639,0.0004678,656.28
NEIROUSDTSWAP,60,20250604,020000,0.0004679,0.000469,0.0004632,0.0004646,366.19
NEIROUSDTSWAP,60,20250604,030000,0.0004645,0.0004761,0.0004608,0.0004748,821.96
NEIROUSDTSWAP,60,20250604,040000,0.0004747,0.0004852,0.000474,0.0004779,1659.31
NEIROUSDTSWAP,60,20250604,050000,0.0004779,0.0004896,0.0004765,0.0004807,1538.79
NEIROUSDTSWAP,60,20250604,060000,0.0004808,0.0005006,0.0004782,0.0004824,2289.02
NEIROUSDTSWAP,60,20250604,070000,0.0004824,0.0004843,0.0004768,0.0004821,1137.92
NEIROUSDTSWAP,60,20250604,080000,0.0004822,0.0004853,0.0004753,0.0004769,796.39
NEIROUSDTSWAP,60,20250604,090000,0.0004769,0.0004776,0.0004687,0.0004703,890.28
NEIROUSDTSWAP,60,20250604,100000,0.0004704,0.0004734,0.0004655,0.0004692,742.54
NEIROUSDTSWAP,60,20250604,110000,0.0004692,0.0004749,0.0004669,0.000468,576.02
NEIROUSDTSWAP,60,20250604,120000,0.0004679,0.0004688,0.0004598,0.0004657,991.26
NEIROUSDTSWAP,60,20250604,130000,0.0004656,0.0004663,0.0004558,0.0004577,1004.25
NEIROUSDTSWAP,60,20250604,140000,0.0004576,0.0004584,0.0004493,0.0004502,966.01
NEIROUSDTSWAP,60,20250604,150000,0.0004503,0.0004515,0.0004404,0.0004439,1407.42
NEIROUSDTSWAP,60,20250604,160000,0.0004439,0.0004484,0.0004373,0.0004435,1268.36
NEIROUSDTSWAP,60,20250604,170000,0.0004434,0.0004479,0.0004382,0.0004475,1032.06
NEIROUSDTSWAP,60,20250604,180000,0.0004475,0.0004584,0.0004445,0.0004557,1914.28
NEIROUSDTSWAP,60,20250604,190000,0.0004557,0.0004563,0.0004481,0.0004517,823.69
NEIROUSDTSWAP,60,20250604,200000,0.0004516,0.0004519,0.0004412,0.0004435,704.8
NEIROUSDTSWAP,60,20250604,210000,0.0004436,0.0004474,0.0004415,0.0004422,433.29
NEIROUSDTSWAP,60,20250604,220000,0.0004421,0.0004437,0.0004405,0.0004428,157.21