<TICKER>,<PER>,<DATE>,<TIME>,<OPEN>,<HIGH>,<LOW>,<CLOSE>,<VOL>
OMUSDTSWAP,1440,20250225,030000,8.0239,8.46899,7.44267,7.74061,13462284.38
OMUSDTSWAP,1440,20250226,030000,7.74073,7.84132,7.05031,7.11347,9582497.37
OMUSDTSWAP,1440,20250227,030000,7.11328,7.74539,7.01023,7.42284,7071700.03
OMUSDTSWAP,1440,20250228,030000,7.42317,7.71604,7.069,7.54166,7814267.13
OMUSDTSWAP,1440,20250301,030000,7.5427,7.69091,7.39361,7.59251,2994537.13
OMUSDTSWAP,1440,20250302,030000,7.59251,8.27381,7.34895,7.64294,5783350.77
OMUSDTSWAP,1440,20250303,030000,7.64288,7.95769,7.01577,7.15638,5929590.11
OMUSDTSWAP,1440,20250304,030000,7.15728,7.30332,6.57842,7.17269,8724601.93
OMUSDTSWAP,1440,20250305,030000,7.17342,7.3428,6.845,7.0948,3699147.62
OMUSDTSWAP,1440,20250306,030000,7.0952,7.407,6.814,6.8255,5273947.3
OMUSDTSWAP,1440,20250307,030000,6.8255,6.8499,6.4522,6.5708,4100984.28
OMUSDTSWAP,1440,20250308,030000,6.5715,6.7771,6.4663,6.5353,1741852.96
OMUSDTSWAP,1440,20250309,030000,6.536,6.7474,5.9843,6.1781,4664143.2
OMUSDTSWAP,1440,20250310,030000,6.1777,6.3827,5.8396,6.2847,5982556.96
OMUSDTSWAP,1440,20250311,030000,6.2842,6.4674,6.1657,6.3066,4672414.56
OMUSDTSWAP,1440,20250312,030000,6.3069,6.6522,6.2385,6.5217,2085395.41
OMUSDTSWAP,1440,20250313,030000,6.5207,6.5654,6.2776,6.3084,1435024.79
OMUSDTSWAP,1440,20250314,030000,6.308,6.3636,6.1403,6.2583,2076713.45
OMUSDTSWAP,1440,20250315,030000,6.2583,6.6491,6.2394,6.622,2234633.66
OMUSDTSWAP,1440,20250316,030000,6.6219,6.8739,6.514,6.7547,2369186.69
OMUSDTSWAP,1440,20250317,030000,6.7539,7.0629,6.7343,6.9896,2541949.81
OMUSDTSWAP,1440,20250318,030000,6.9886,7.0986,6.7853,6.9427,2974824.78
OMUSDTSWAP,1440,20250319,030000,6.9427,7.0032,6.7101,6.8605,6632035.0
OMUSDTSWAP,1440,20250320,030000,6.8601,6.9174,6.5556,6.6065,7338083.64
OMUSDTSWAP,1440,20250321,030000,6.6068,6.6618,6.175,6.1834,2170606.66
OMUSDTSWAP,1440,20250322,030000,6.1836,6.4494,6.1178,6.2723,2418356.49
OMUSDTSWAP,1440,20250323,030000,6.272,6.8208,6.2389,6.4443,2590137.18
OMUSDTSWAP,1440,20250324,030000,6.4444,7.0129,6.3123,6.8406,3995259.27
OMUSDTSWAP,1440,20250325,030000,6.8399,6.8554,6.6103,6.822,1726245.75
OMUSDTSWAP,1440,20250326,030000,6.8219,6.8572,6.4143,6.5187,3190024.13
OMUSDTSWAP,1440,20250327,030000,6.519,6.6593,6.4315,6.4689,1263816.37
OMUSDTSWAP,1440,20250328,030000,6.4692,6.4885,6.21,6.3045,1807798.53
OMUSDTSWAP,1440,20250329,030000,6.3045,6.3334,6.14,6.192,1194477.05
OMUSDTSWAP,1440,20250330,030000,6.1933,6.4145,6.1515,6.2469,1327188.27
OMUSDTSWAP,1440,20250331,030000,6.247,6.3447,6.0949,6.2073,1812049.8
OMUSDTSWAP,1440,20250401,030000,6.2075,6.3937,6.1989,6.3213,1224145.69
OMUSDTSWAP,1440,20250402,030000,6.321,6.5343,6.1046,6.2711,2093906.47
OMUSDTSWAP,1440,20250403,030000,6.2715,6.445,6.2127,6.4129,1871781.23
OMUSDTSWAP,1440,20250404,030000,6.4125,6.45,6.2397,6.2711,1626950.0
OMUSDTSWAP,1440,20250405,030000,6.2708,6.3044,6.1739,6.2746,902945.03
OMUSDTSWAP,1440,20250406,030000,6.2747,6.2895,5.678,5.7332,2160602.59
OMUSDTSWAP,1440,20250407,030000,5.7332,6.5402,5.7021,6.2815,5088584.22
OMUSDTSWAP,1440,20250408,030000,6.2807,6.4503,6.117,6.2111,2943803.03
OMUSDTSWAP,1440,20250409,030000,6.2108,6.8731,6.0821,6.7962,5067450.72
OMUSDTSWAP,1440,20250410,030000,6.7949,6.8297,6.2505,6.4181,3177005.78
OMUSDTSWAP,1440,20250411,030000,6.4177,6.5105,6.3512,6.4004,1572746.59
OMUSDTSWAP,1440,20250412,030000,6.3999,6.4673,6.2233,6.261,1287641.96
OMUSDTSWAP,1440,20250413,030000,6.2615,6.3512,0.3806,1.0107,324072562.1
OMUSDTSWAP,1440,20250414,030000,1.0106,1.1057,0.4638,0.596,113020435.64
OMUSDTSWAP,1440,20250415,030000,0.596,0.9986,0.5559,0.7995,56825694.74
OMUSDTSWAP,1440,20250416,030000,0.7994,0.8238,0.6908,0.7083,24584209.84
OMUSDTSWAP,1440,20250417,030000,0.7084,0.7177,0.6155,0.652,12157468.85
OMUSDTSWAP,1440,20250418,030000,0.652,0.7146,0.6167,0.6354,12180548.99
OMUSDTSWAP,1440,20250419,030000,0.6354,0.6487,0.5829,0.603,5829669.06
OMUSDTSWAP,1440,20250420,030000,0.603,0.6131,0.5382,0.5453,6327707.73
OMUSDTSWAP,1440,20250421,030000,0.5452,0.607,0.4856,0.5135,16548426.87
OMUSDTSWAP,1440,20250422,030000,0.5135,0.5563,0.5033,0.549,5922676.8
OMUSDTSWAP,1440,20250423,030000,0.549,0.5836,0.5281,0.5348,5197368.78
OMUSDTSWAP,1440,20250424,030000,0.5347,0.5349,0.5041,0.5217,3191660.98
OMUSDTSWAP,1440,20250425,030000,0.5218,0.5431,0.4885,0.5156,4122229.76
OMUSDTSWAP,1440,20250426,030000,0.5155,0.5259,0.5062,0.5205,2034311.82
OMUSDTSWAP,1440,20250427,030000,0.5205,0.586,0.4925,0.5448,4851656.7
OMUSDTSWAP,1440,20250428,030000,0.5448,0.553,0.5111,0.532,3879732.13
OMUSDTSWAP,1440,20250429,030000,0.5321,0.5413,0.4573,0.4924,3493977.93
OMUSDTSWAP,1440,20250430,030000,0.4926,0.5059,0.4637,0.4863,2799564.71
OMUSDTSWAP,1440,20250501,030000,0.4862,0.4936,0.4372,0.4515,2991875.8
OMUSDTSWAP,1440,20250502,030000,0.4516,0.4582,0.4103,0.4212,3136257.27
OMUSDTSWAP,1440,20250503,030000,0.4212,0.4445,0.4085,0.4233,2683023.23
OMUSDTSWAP,1440,20250504,030000,0.4232,0.4248,0.3821,0.3904,2761343.39
OMUSDTSWAP,1440,20250505,030000,0.3904,0.4095,0.3691,0.3952,3512364.31
OMUSDTSWAP,1440,20250506,030000,0.3951,0.4211,0.3744,0.3899,4750889.39
OMUSDTSWAP,1440,20250507,030000,0.3899,0.394,0.3507,0.3588,2805135.51
OMUSDTSWAP,1440,20250508,030000,0.3588,0.3771,0.3568,0.3737,2680697.96
OMUSDTSWAP,1440,20250509,030000,0.3737,0.3946,0.3605,0.3834,3223492.55
OMUSDTSWAP,1440,20250510,030000,0.3834,0.5184,0.3722,0.4704,12250000.29
OMUSDTSWAP,1440,20250511,030000,0.4703,0.4706,0.412,0.4213,5882116.64
OMUSDTSWAP,1440,20250512,030000,0.4212,0.469,0.4052,0.4274,5385548.16
OMUSDTSWAP,1440,20250513,030000,0.4274,0.4485,0.4083,0.4441,2888867.63
OMUSDTSWAP,1440,20250514,030000,0.4442,0.4637,0.417,0.4214,2649948.75
OMUSDTSWAP,1440,20250515,030000,0.4216,0.4296,0.3821,0.395,2657846.46
OMUSDTSWAP,1440,20250516,030000,0.3951,0.4303,0.3705,0.3844,2559008.22
OMUSDTSWAP,1440,20250517,030000,0.3844,0.3861,0.3637,0.3745,2065596.46
OMUSDTSWAP,1440,20250518,030000,0.3746,0.3976,0.3707,0.3923,2104788.36
OMUSDTSWAP,1440,20250519,030000,0.3924,0.3936,0.3687,0.3897,1550672.94
OMUSDTSWAP,1440,20250520,030000,0.3897,0.3941,0.373,0.3857,1208359.86
OMUSDTSWAP,1440,20250521,030000,0.3857,0.498,0.3796,0.4116,9262919.94
OMUSDTSWAP,1440,20250522,030000,0.4117,0.4229,0.4055,0.4223,2115895.84
OMUSDTSWAP,1440,20250523,030000,0.4224,0.4405,0.3862,0.3895,3207391.8
OMUSDTSWAP,1440,20250524,030000,0.3896,0.4155,0.3885,0.4033,1380077.16
OMUSDTSWAP,1440,20250525,030000,0.4033,0.4148,0.3829,0.402,1750632.9
OMUSDTSWAP,1440,20250526,030000,0.4021,0.4042,0.386,0.3895,1245029.59
OMUSDTSWAP,1440,20250527,030000,0.3895,0.3959,0.3721,0.3902,1619561.88
OMUSDTSWAP,1440,20250528,030000,0.3903,0.4017,0.378,0.389,1434146.85
OMUSDTSWAP,1440,20250529,030000,0.3889,0.397,0.3716,0.3738,1894773.96
OMUSDTSWAP,1440,20250530,030000,0.3736,0.3768,0.291,0.2989,5864557.91
OMUSDTSWAP,1440,20250531,030000,0.2988,0.3359,0.2981,0.3096,3632920.42
OMUSDTSWAP,1440,20250601,030000,0.3098,0.3233,0.3012,0.3183,1433739.06
OMUSDTSWAP,1440,20250602,030000,0.3185,0.3299,0.3063,0.3295,1700703.65
OMUSDTSWAP,1440,20250603,030000,0.3295,0.3377,0.326,0.3291,1578328.59
OMUSDTSWAP,1440,20250604,030000,0.3291,0.3336,0.3166,0.3185,1030158.36