<TICKER>,<PER>,<DATE>,<TIME>,<OPEN>,<HIGH>,<LOW>,<CLOSE>,<VOL>
OMUSDTSWAP,60,20250531,190000,0.3095,0.3137,0.3082,0.3107,54826.41
OMUSDTSWAP,60,20250531,200000,0.3108,0.3114,0.3078,0.3081,38006.8
OMUSDTSWAP,60,20250531,210000,0.308,0.3119,0.308,0.3112,32077.77
OMUSDTSWAP,60,20250531,220000,0.3112,0.3146,0.3112,0.312,39056.41
OMUSDTSWAP,60,20250531,230000,0.3121,0.3144,0.3095,0.3134,52768.96
OMUSDTSWAP,60,20250601,000000,0.3134,0.3143,0.3111,0.3122,27715.75
OMUSDTSWAP,60,20250601,010000,0.3122,0.3127,0.3081,0.3092,36712.82
OMUSDTSWAP,60,20250601,020000,0.3091,0.3112,0.3072,0.3096,57089.81
OMUSDTSWAP,60,20250601,030000,0.3098,0.3098,0.3027,0.3061,159531.23
OMUSDTSWAP,60,20250601,040000,0.3061,0.3121,0.3051,0.3058,77883.29
OMUSDTSWAP,60,20250601,050000,0.3057,0.3091,0.3013,0.3087,101330.99
OMUSDTSWAP,60,20250601,060000,0.3087,0.3137,0.307,0.3119,84210.83
OMUSDTSWAP,60,20250601,070000,0.3119,0.3145,0.3105,0.3136,72218.57
OMUSDTSWAP,60,20250601,080000,0.3135,0.3145,0.3095,0.3115,62473.9
OMUSDTSWAP,60,20250601,090000,0.3114,0.3127,0.3099,0.3113,42986.03
OMUSDTSWAP,60,20250601,100000,0.3113,0.313,0.3095,0.3109,36382.97
OMUSDTSWAP,60,20250601,110000,0.3109,0.3129,0.3102,0.3117,49166.07
OMUSDTSWAP,60,20250601,120000,0.3118,0.3132,0.3026,0.3055,99005.64
OMUSDTSWAP,60,20250601,130000,0.3055,0.3073,0.3031,0.3053,44920.26
OMUSDTSWAP,60,20250601,140000,0.3053,0.3064,0.3033,0.3043,36865.77
OMUSDTSWAP,60,20250601,150000,0.3043,0.3048,0.3012,0.3045,64347.31
OMUSDTSWAP,60,20250601,160000,0.3045,0.3081,0.3041,0.3063,41394.4
OMUSDTSWAP,60,20250601,170000,0.3063,0.3109,0.3063,0.3088,55803.02
OMUSDTSWAP,60,20250601,180000,0.3088,0.3116,0.3087,0.3114,40241.83
OMUSDTSWAP,60,20250601,190000,0.3114,0.3144,0.3106,0.3122,72116.19
OMUSDTSWAP,60,20250601,200000,0.3122,0.3134,0.3108,0.3127,29799.46
OMUSDTSWAP,60,20250601,210000,0.3128,0.313,0.3078,0.3116,56273.75
OMUSDTSWAP,60,20250601,220000,0.3116,0.3136,0.3105,0.3129,22769.24
OMUSDTSWAP,60,20250601,230000,0.3129,0.3152,0.312,0.3139,28374.4
OMUSDTSWAP,60,20250602,000000,0.3139,0.3197,0.3134,0.3186,61838.33
OMUSDTSWAP,60,20250602,010000,0.3186,0.3233,0.3177,0.3198,62535.03
OMUSDTSWAP,60,20250602,020000,0.3199,0.32,0.3172,0.3183,32380.95
OMUSDTSWAP,60,20250602,030000,0.3185,0.3263,0.3148,0.3169,285778.68
OMUSDTSWAP,60,20250602,040000,0.3168,0.3177,0.3136,0.3145,50135.53
OMUSDTSWAP,60,20250602,050000,0.3145,0.3149,0.3104,0.3116,45298.19
OMUSDTSWAP,60,20250602,060000,0.3117,0.3123,0.3098,0.3102,38500.72
OMUSDTSWAP,60,20250602,070000,0.3102,0.3121,0.3071,0.3078,54507.48
OMUSDTSWAP,60,20250602,080000,0.3079,0.3109,0.3063,0.3088,46541.02
OMUSDTSWAP,60,20250602,090000,0.3088,0.3119,0.3073,0.3107,46820.97
OMUSDTSWAP,60,20250602,100000,0.3108,0.3135,0.3108,0.3115,48714.61
OMUSDTSWAP,60,20250602,110000,0.3115,0.3141,0.3102,0.3114,35933.36
OMUSDTSWAP,60,20250602,120000,0.3115,0.3122,0.3076,0.3084,40996.05
OMUSDTSWAP,60,20250602,130000,0.3084,0.311,0.3065,0.3106,43553.33
OMUSDTSWAP,60,20250602,140000,0.3106,0.3123,0.3097,0.3123,32781.75
OMUSDTSWAP,60,20250602,150000,0.3123,0.316,0.3106,0.3145,58139.27
OMUSDTSWAP,60,20250602,160000,0.3146,0.3158,0.311,0.3122,54947.85
OMUSDTSWAP,60,20250602,170000,0.3121,0.3157,0.3107,0.3155,90158.92
OMUSDTSWAP,60,20250602,180000,0.3156,0.319,0.3146,0.317,79510.65
OMUSDTSWAP,60,20250602,190000,0.317,0.3173,0.3145,0.3161,43736.93
OMUSDTSWAP,60,20250602,200000,0.3161,0.3173,0.3149,0.3163,20412.35
OMUSDTSWAP,60,20250602,210000,0.3164,0.3192,0.3157,0.3166,28459.39
OMUSDTSWAP,60,20250602,220000,0.3167,0.3179,0.3147,0.3163,33649.53
OMUSDTSWAP,60,20250602,230000,0.3164,0.3204,0.3164,0.3198,35367.48
OMUSDTSWAP,60,20250603,000000,0.3199,0.3228,0.3198,0.3227,38279.2
OMUSDTSWAP,60,20250603,010000,0.3227,0.3274,0.3226,0.3269,315780.96
OMUSDTSWAP,60,20250603,020000,0.327,0.3299,0.3256,0.3295,123380.08
OMUSDTSWAP,60,20250603,030000,0.3295,0.33,0.326,0.3285,111023.15
OMUSDTSWAP,60,20250603,040000,0.3284,0.3311,0.3278,0.3306,61100.4
OMUSDTSWAP,60,20250603,050000,0.3307,0.3328,0.3278,0.3294,77627.63
OMUSDTSWAP,60,20250603,060000,0.3294,0.3328,0.3279,0.3304,86254.38
OMUSDTSWAP,60,20250603,070000,0.3303,0.3309,0.3271,0.3292,69247.99
OMUSDTSWAP,60,20250603,080000,0.3293,0.3303,0.3269,0.3295,46137.63
OMUSDTSWAP,60,20250603,090000,0.3296,0.3305,0.3269,0.3303,50190.37
OMUSDTSWAP,60,20250603,100000,0.3304,0.3316,0.3282,0.3291,47797.75
OMUSDTSWAP,60,20250603,110000,0.3291,0.3299,0.3263,0.3294,41538.21
OMUSDTSWAP,60,20250603,120000,0.3294,0.3316,0.3277,0.3307,34706.84
OMUSDTSWAP,60,20250603,130000,0.3307,0.3323,0.3297,0.3318,31394.11
OMUSDTSWAP,60,20250603,140000,0.3318,0.3332,0.3303,0.331,58121.37
OMUSDTSWAP,60,20250603,150000,0.3311,0.3348,0.3301,0.3335,61160.1
OMUSDTSWAP,60,20250603,160000,0.3335,0.334,0.331,0.3326,76913.17
OMUSDTSWAP,60,20250603,170000,0.3326,0.3335,0.3291,0.3334,77304.95
OMUSDTSWAP,60,20250603,180000,0.3335,0.3344,0.3316,0.3323,43846.58
OMUSDTSWAP,60,20250603,190000,0.3324,0.3358,0.332,0.3331,65556.69
OMUSDTSWAP,60,20250603,200000,0.3332,0.335,0.3322,0.3347,34449.65
OMUSDTSWAP,60,20250603,210000,0.3348,0.3348,0.3315,0.3329,41537.8
OMUSDTSWAP,60,20250603,220000,0.3329,0.3372,0.3328,0.3368,49192.0
OMUSDTSWAP,60,20250603,230000,0.3369,0.3377,0.3305,0.3333,56213.82
OMUSDTSWAP,60,20250604,000000,0.3332,0.3336,0.3266,0.3286,66425.09
OMUSDTSWAP,60,20250604,010000,0.3287,0.3324,0.328,0.3317,149220.5
OMUSDTSWAP,60,20250604,020000,0.3316,0.3322,0.3287,0.3291,149293.75
OMUSDTSWAP,60,20250604,030000,0.3291,0.3307,0.3251,0.3293,75654.33
OMUSDTSWAP,60,20250604,040000,0.3294,0.3336,0.3293,0.3296,66044.86
OMUSDTSWAP,60,20250604,050000,0.3297,0.331,0.3263,0.3272,65978.48
OMUSDTSWAP,60,20250604,060000,0.3273,0.3288,0.326,0.3263,35701.29
OMUSDTSWAP,60,20250604,070000,0.3262,0.3282,0.3258,0.3276,54667.53
OMUSDTSWAP,60,20250604,080000,0.3276,0.3292,0.326,0.3265,38091.69
OMUSDTSWAP,60,20250604,090000,0.3267,0.3287,0.3253,0.3262,46591.57
OMUSDTSWAP,60,20250604,100000,0.3263,0.3277,0.3241,0.3255,50814.44
OMUSDTSWAP,60,20250604,110000,0.3256,0.3276,0.3241,0.3251,57210.23
OMUSDTSWAP,60,20250604,120000,0.3251,0.3257,0.3212,0.3257,58996.19
OMUSDTSWAP,60,20250604,130000,0.3257,0.3268,0.325,0.3258,45535.01
OMUSDTSWAP,60,20250604,140000,0.3258,0.3277,0.3248,0.3252,42108.93
OMUSDTSWAP,60,20250604,150000,0.3252,0.3255,0.321,0.3227,61356.17
OMUSDTSWAP,60,20250604,160000,0.3226,0.3234,0.3185,0.3194,79075.49
OMUSDTSWAP,60,20250604,170000,0.3193,0.3209,0.3166,0.3207,78475.1
OMUSDTSWAP,60,20250604,180000,0.3206,0.3239,0.3195,0.323,63101.93
OMUSDTSWAP,60,20250604,190000,0.323,0.3232,0.321,0.3221,29379.24
OMUSDTSWAP,60,20250604,200000,0.3221,0.3223,0.3171,0.3189,39620.55
OMUSDTSWAP,60,20250604,210000,0.319,0.3207,0.3173,0.3175,21230.12
OMUSDTSWAP,60,20250604,220000,0.3176,0.3191,0.3172,0.3183,8298.44