<TICKER>,<PER>,<DATE>,<TIME>,<OPEN>,<HIGH>,<LOW>,<CLOSE>,<VOL>
PEOPLEUSDTSWAP,3,20250604,172400,0.02138,0.02142,0.02137,0.02142,235.52
PEOPLEUSDTSWAP,3,20250604,172700,0.02141,0.02142,0.02136,0.02139,300.15
PEOPLEUSDTSWAP,3,20250604,173000,0.0214,0.02142,0.02138,0.02141,346.47
PEOPLEUSDTSWAP,3,20250604,173300,0.02142,0.02149,0.02141,0.02143,987.2
PEOPLEUSDTSWAP,3,20250604,173600,0.02142,0.02143,0.02138,0.02138,297.2
PEOPLEUSDTSWAP,3,20250604,173900,0.02138,0.02144,0.02138,0.02144,363.82
PEOPLEUSDTSWAP,3,20250604,174200,0.02143,0.02144,0.02139,0.02143,408.07
PEOPLEUSDTSWAP,3,20250604,174500,0.02144,0.02149,0.02141,0.02148,576.63
PEOPLEUSDTSWAP,3,20250604,174800,0.02149,0.02159,0.02148,0.02152,1522.33
PEOPLEUSDTSWAP,3,20250604,175100,0.02151,0.02157,0.02151,0.02157,732.31
PEOPLEUSDTSWAP,3,20250604,175400,0.02156,0.02169,0.02156,0.02168,1468.52
PEOPLEUSDTSWAP,3,20250604,175700,0.02168,0.02173,0.02166,0.02172,1512.61
PEOPLEUSDTSWAP,3,20250604,180000,0.02171,0.02173,0.02162,0.02162,782.21
PEOPLEUSDTSWAP,3,20250604,180300,0.02162,0.02165,0.02161,0.02163,299.57
PEOPLEUSDTSWAP,3,20250604,180600,0.02164,0.02174,0.02164,0.02167,644.24
PEOPLEUSDTSWAP,3,20250604,180900,0.02166,0.02172,0.02165,0.02171,319.1
PEOPLEUSDTSWAP,3,20250604,181200,0.02171,0.02174,0.02168,0.02171,241.22
PEOPLEUSDTSWAP,3,20250604,181500,0.02171,0.02185,0.02171,0.0218,1022.15
PEOPLEUSDTSWAP,3,20250604,181800,0.02181,0.02185,0.02176,0.02177,1362.49
PEOPLEUSDTSWAP,3,20250604,182100,0.02177,0.02182,0.02172,0.02181,945.58
PEOPLEUSDTSWAP,3,20250604,182400,0.02181,0.02186,0.0218,0.02182,1989.03
PEOPLEUSDTSWAP,3,20250604,182700,0.02182,0.02187,0.02181,0.02181,499.39
PEOPLEUSDTSWAP,3,20250604,183000,0.02182,0.02183,0.02173,0.02182,776.68
PEOPLEUSDTSWAP,3,20250604,183300,0.02182,0.02187,0.02179,0.0218,458.37
PEOPLEUSDTSWAP,3,20250604,183600,0.02179,0.02189,0.02175,0.02187,1838.75
PEOPLEUSDTSWAP,3,20250604,183900,0.02187,0.02191,0.02185,0.02188,1108.81
PEOPLEUSDTSWAP,3,20250604,184200,0.02189,0.02191,0.02181,0.02183,767.64
PEOPLEUSDTSWAP,3,20250604,184500,0.02183,0.02184,0.02177,0.02177,636.58
PEOPLEUSDTSWAP,3,20250604,184800,0.02177,0.02178,0.02172,0.02172,570.07
PEOPLEUSDTSWAP,3,20250604,185100,0.02172,0.02178,0.02171,0.02173,534.38
PEOPLEUSDTSWAP,3,20250604,185400,0.02173,0.02181,0.02173,0.02179,469.65
PEOPLEUSDTSWAP,3,20250604,185700,0.0218,0.0218,0.02173,0.02175,326.5
PEOPLEUSDTSWAP,3,20250604,190000,0.02175,0.02178,0.02164,0.02169,2316.59
PEOPLEUSDTSWAP,3,20250604,190300,0.02168,0.02173,0.02162,0.02162,1679.66
PEOPLEUSDTSWAP,3,20250604,190600,0.02162,0.02164,0.02157,0.02157,1850.0
PEOPLEUSDTSWAP,3,20250604,190900,0.02158,0.02165,0.02158,0.02165,620.62
PEOPLEUSDTSWAP,3,20250604,191200,0.02165,0.02165,0.02161,0.02162,464.44
PEOPLEUSDTSWAP,3,20250604,191500,0.02162,0.02163,0.02151,0.02152,1837.05
PEOPLEUSDTSWAP,3,20250604,191800,0.02152,0.02159,0.02149,0.02159,1299.53
PEOPLEUSDTSWAP,3,20250604,192100,0.02158,0.02161,0.0215,0.02151,935.34
PEOPLEUSDTSWAP,3,20250604,192400,0.0215,0.02151,0.02145,0.02146,482.63
PEOPLEUSDTSWAP,3,20250604,192700,0.02146,0.02151,0.02146,0.02147,400.64
PEOPLEUSDTSWAP,3,20250604,193000,0.02147,0.02151,0.02146,0.02149,341.7
PEOPLEUSDTSWAP,3,20250604,193300,0.0215,0.02155,0.0215,0.02154,866.92
PEOPLEUSDTSWAP,3,20250604,193600,0.02154,0.02155,0.0215,0.02153,402.71
PEOPLEUSDTSWAP,3,20250604,193900,0.02153,0.02155,0.02149,0.02149,313.71
PEOPLEUSDTSWAP,3,20250604,194200,0.02149,0.02149,0.02144,0.02146,294.0
PEOPLEUSDTSWAP,3,20250604,194500,0.02146,0.02149,0.02143,0.02148,612.68
PEOPLEUSDTSWAP,3,20250604,194800,0.02147,0.02152,0.02146,0.02151,310.18
PEOPLEUSDTSWAP,3,20250604,195100,0.0215,0.02151,0.02149,0.02151,142.78
PEOPLEUSDTSWAP,3,20250604,195400,0.0215,0.02154,0.0215,0.0215,250.2
PEOPLEUSDTSWAP,3,20250604,195700,0.02149,0.02149,0.02146,0.02149,634.56
PEOPLEUSDTSWAP,3,20250604,200000,0.02149,0.0215,0.02139,0.0214,641.82
PEOPLEUSDTSWAP,3,20250604,200300,0.02141,0.02144,0.02139,0.02141,549.29
PEOPLEUSDTSWAP,3,20250604,200600,0.02141,0.02141,0.02136,0.02138,284.73
PEOPLEUSDTSWAP,3,20250604,200900,0.02138,0.02138,0.02132,0.02133,352.6
PEOPLEUSDTSWAP,3,20250604,201200,0.02133,0.02138,0.02133,0.02136,250.71
PEOPLEUSDTSWAP,3,20250604,201500,0.02136,0.02136,0.02129,0.02133,960.6
PEOPLEUSDTSWAP,3,20250604,201800,0.02132,0.02135,0.02132,0.02135,373.42
PEOPLEUSDTSWAP,3,20250604,202100,0.02135,0.02137,0.02133,0.02134,534.43
PEOPLEUSDTSWAP,3,20250604,202400,0.02133,0.02134,0.02127,0.02129,1254.25
PEOPLEUSDTSWAP,3,20250604,202700,0.0213,0.02131,0.02125,0.02125,480.51
PEOPLEUSDTSWAP,3,20250604,203000,0.02124,0.02124,0.02111,0.02113,3614.24
PEOPLEUSDTSWAP,3,20250604,203300,0.02114,0.02119,0.02107,0.02115,1952.17
PEOPLEUSDTSWAP,3,20250604,203600,0.02114,0.02114,0.02104,0.0211,1089.28
PEOPLEUSDTSWAP,3,20250604,203900,0.02109,0.02113,0.02106,0.0211,400.67
PEOPLEUSDTSWAP,3,20250604,204200,0.02109,0.0211,0.02106,0.02108,355.28
PEOPLEUSDTSWAP,3,20250604,204500,0.02109,0.02114,0.02107,0.02107,389.62
PEOPLEUSDTSWAP,3,20250604,204800,0.02107,0.02117,0.02107,0.02109,424.27
PEOPLEUSDTSWAP,3,20250604,205100,0.02109,0.02113,0.02108,0.02112,340.33
PEOPLEUSDTSWAP,3,20250604,205400,0.02112,0.02115,0.02112,0.02113,259.67
PEOPLEUSDTSWAP,3,20250604,205700,0.02113,0.02115,0.02112,0.02113,411.8
PEOPLEUSDTSWAP,3,20250604,210000,0.02114,0.02121,0.02114,0.02117,393.61
PEOPLEUSDTSWAP,3,20250604,210300,0.02117,0.02127,0.02116,0.02124,410.34
PEOPLEUSDTSWAP,3,20250604,210600,0.02125,0.02125,0.02114,0.02116,270.98
PEOPLEUSDTSWAP,3,20250604,210900,0.02117,0.02124,0.02115,0.02124,289.94
PEOPLEUSDTSWAP,3,20250604,211200,0.02124,0.02125,0.0212,0.0212,203.61
PEOPLEUSDTSWAP,3,20250604,211500,0.0212,0.02121,0.02118,0.0212,212.95
PEOPLEUSDTSWAP,3,20250604,211800,0.0212,0.02124,0.02117,0.02122,323.53
PEOPLEUSDTSWAP,3,20250604,212100,0.02122,0.02125,0.02122,0.02124,125.96
PEOPLEUSDTSWAP,3,20250604,212400,0.02125,0.02128,0.02125,0.02127,109.8
PEOPLEUSDTSWAP,3,20250604,212700,0.02127,0.02129,0.02126,0.02127,287.76
PEOPLEUSDTSWAP,3,20250604,213000,0.02127,0.02129,0.02121,0.02123,223.12
PEOPLEUSDTSWAP,3,20250604,213300,0.02122,0.02122,0.02117,0.0212,185.04
PEOPLEUSDTSWAP,3,20250604,213600,0.02121,0.02121,0.02117,0.02119,304.91
PEOPLEUSDTSWAP,3,20250604,213900,0.02118,0.02119,0.02117,0.02119,103.1
PEOPLEUSDTSWAP,3,20250604,214200,0.02119,0.02125,0.02118,0.02124,256.7
PEOPLEUSDTSWAP,3,20250604,214500,0.02123,0.02124,0.02119,0.0212,119.55
PEOPLEUSDTSWAP,3,20250604,214800,0.02121,0.02122,0.02115,0.02117,173.79
PEOPLEUSDTSWAP,3,20250604,215100,0.02117,0.02117,0.02115,0.02116,66.14
PEOPLEUSDTSWAP,3,20250604,215400,0.02115,0.02116,0.0211,0.02112,394.24
PEOPLEUSDTSWAP,3,20250604,215700,0.02113,0.02117,0.02113,0.02116,622.38
PEOPLEUSDTSWAP,3,20250604,220000,0.02115,0.02118,0.02114,0.02116,336.35
PEOPLEUSDTSWAP,3,20250604,220300,0.02115,0.02123,0.02115,0.02122,199.66
PEOPLEUSDTSWAP,3,20250604,220600,0.02122,0.02122,0.02115,0.02117,185.38
PEOPLEUSDTSWAP,3,20250604,220900,0.02117,0.02118,0.02112,0.02118,271.76
PEOPLEUSDTSWAP,3,20250604,221200,0.02118,0.0212,0.02115,0.02116,397.06
PEOPLEUSDTSWAP,3,20250604,221500,0.02115,0.02115,0.02109,0.02113,265.41
PEOPLEUSDTSWAP,3,20250604,221800,0.02114,0.0212,0.02114,0.02118,351.52
PEOPLEUSDTSWAP,3,20250604,222100,0.02118,0.02123,0.02118,0.02121,268.46