<TICKER>,<PER>,<DATE>,<TIME>,<OPEN>,<HIGH>,<LOW>,<CLOSE>,<VOL>
PEOPLEUSDTSWAP,60,20250531,190000,0.01981,0.02021,0.0197,0.02012,19245.61
PEOPLEUSDTSWAP,60,20250531,200000,0.02012,0.02015,0.01991,0.01994,10801.3
PEOPLEUSDTSWAP,60,20250531,210000,0.01994,0.02031,0.01992,0.02026,8993.22
PEOPLEUSDTSWAP,60,20250531,220000,0.02027,0.02033,0.02017,0.02023,7884.28
PEOPLEUSDTSWAP,60,20250531,230000,0.02022,0.02031,0.02018,0.02024,4978.08
PEOPLEUSDTSWAP,60,20250601,000000,0.02023,0.02037,0.02018,0.02023,8721.66
PEOPLEUSDTSWAP,60,20250601,010000,0.02024,0.02026,0.02009,0.02012,5966.79
PEOPLEUSDTSWAP,60,20250601,020000,0.02011,0.02028,0.02001,0.02011,10387.42
PEOPLEUSDTSWAP,60,20250601,030000,0.0201,0.02027,0.01993,0.02013,10682.21
PEOPLEUSDTSWAP,60,20250601,040000,0.02013,0.02026,0.01981,0.01991,14510.63
PEOPLEUSDTSWAP,60,20250601,050000,0.01991,0.02015,0.01968,0.02003,19414.8
PEOPLEUSDTSWAP,60,20250601,060000,0.02003,0.02005,0.01988,0.01993,8726.85
PEOPLEUSDTSWAP,60,20250601,070000,0.01992,0.02022,0.01988,0.02012,9170.39
PEOPLEUSDTSWAP,60,20250601,080000,0.02012,0.02023,0.02006,0.02019,6325.85
PEOPLEUSDTSWAP,60,20250601,090000,0.02019,0.02029,0.02008,0.02018,6609.8
PEOPLEUSDTSWAP,60,20250601,100000,0.02017,0.02019,0.02003,0.02016,5103.8
PEOPLEUSDTSWAP,60,20250601,110000,0.02017,0.02024,0.02005,0.02013,7120.84
PEOPLEUSDTSWAP,60,20250601,120000,0.02013,0.02021,0.01961,0.01982,20235.66
PEOPLEUSDTSWAP,60,20250601,130000,0.01981,0.02005,0.01981,0.01997,10854.77
PEOPLEUSDTSWAP,60,20250601,140000,0.01997,0.02018,0.01989,0.02006,10909.19
PEOPLEUSDTSWAP,60,20250601,150000,0.02006,0.02015,0.01981,0.01994,9521.22
PEOPLEUSDTSWAP,60,20250601,160000,0.01994,0.02027,0.0199,0.02017,13794.57
PEOPLEUSDTSWAP,60,20250601,170000,0.02017,0.02069,0.02017,0.02057,23112.1
PEOPLEUSDTSWAP,60,20250601,180000,0.02057,0.0207,0.02044,0.02051,12306.68
PEOPLEUSDTSWAP,60,20250601,190000,0.02051,0.02119,0.02045,0.0209,37966.57
PEOPLEUSDTSWAP,60,20250601,200000,0.02089,0.02112,0.02075,0.02086,16112.25
PEOPLEUSDTSWAP,60,20250601,210000,0.02086,0.02088,0.02044,0.0207,19699.29
PEOPLEUSDTSWAP,60,20250601,220000,0.0207,0.02092,0.02066,0.0209,10891.1
PEOPLEUSDTSWAP,60,20250601,230000,0.0209,0.02116,0.02076,0.02103,12034.26
PEOPLEUSDTSWAP,60,20250602,000000,0.02103,0.0214,0.02101,0.02138,8478.43
PEOPLEUSDTSWAP,60,20250602,010000,0.02138,0.0216,0.02124,0.02134,13044.69
PEOPLEUSDTSWAP,60,20250602,020000,0.02135,0.02149,0.02123,0.02132,10612.4
PEOPLEUSDTSWAP,60,20250602,030000,0.02132,0.02151,0.02115,0.02131,11911.23
PEOPLEUSDTSWAP,60,20250602,040000,0.02131,0.02156,0.02128,0.02138,10596.85
PEOPLEUSDTSWAP,60,20250602,050000,0.02139,0.02139,0.02102,0.02108,8903.12
PEOPLEUSDTSWAP,60,20250602,060000,0.02109,0.02118,0.02083,0.02103,15048.2
PEOPLEUSDTSWAP,60,20250602,070000,0.02103,0.0211,0.02086,0.02088,7257.26
PEOPLEUSDTSWAP,60,20250602,080000,0.02088,0.02109,0.02073,0.02092,7891.18
PEOPLEUSDTSWAP,60,20250602,090000,0.02092,0.02122,0.02081,0.02105,7810.67
PEOPLEUSDTSWAP,60,20250602,100000,0.02105,0.02128,0.02103,0.02111,7328.92
PEOPLEUSDTSWAP,60,20250602,110000,0.02111,0.02132,0.0209,0.02097,11127.97
PEOPLEUSDTSWAP,60,20250602,120000,0.02098,0.02098,0.02053,0.02061,16319.19
PEOPLEUSDTSWAP,60,20250602,130000,0.02061,0.02071,0.02042,0.02053,17837.13
PEOPLEUSDTSWAP,60,20250602,140000,0.02053,0.02065,0.02041,0.02054,7731.52
PEOPLEUSDTSWAP,60,20250602,150000,0.02053,0.02067,0.02032,0.02053,15493.21
PEOPLEUSDTSWAP,60,20250602,160000,0.02053,0.02067,0.02028,0.02042,14975.67
PEOPLEUSDTSWAP,60,20250602,170000,0.02042,0.02091,0.02034,0.02072,26439.78
PEOPLEUSDTSWAP,60,20250602,180000,0.02072,0.02085,0.02052,0.0207,14064.49
PEOPLEUSDTSWAP,60,20250602,190000,0.02071,0.02084,0.0205,0.02078,7327.84
PEOPLEUSDTSWAP,60,20250602,200000,0.02078,0.02088,0.0206,0.02079,6191.96
PEOPLEUSDTSWAP,60,20250602,210000,0.02079,0.02107,0.02071,0.02074,7562.18
PEOPLEUSDTSWAP,60,20250602,220000,0.02074,0.02085,0.02046,0.02063,8843.49
PEOPLEUSDTSWAP,60,20250602,230000,0.02063,0.0214,0.02063,0.02139,12921.79
PEOPLEUSDTSWAP,60,20250603,000000,0.02139,0.02198,0.02137,0.02195,17107.02
PEOPLEUSDTSWAP,60,20250603,010000,0.02194,0.02233,0.02192,0.022,21811.28
PEOPLEUSDTSWAP,60,20250603,020000,0.02201,0.02205,0.02168,0.02181,18143.97
PEOPLEUSDTSWAP,60,20250603,030000,0.02182,0.02216,0.02172,0.02193,24697.27
PEOPLEUSDTSWAP,60,20250603,040000,0.02193,0.02233,0.02193,0.02229,21494.93
PEOPLEUSDTSWAP,60,20250603,050000,0.0223,0.02237,0.02169,0.02178,14388.56
PEOPLEUSDTSWAP,60,20250603,060000,0.02178,0.02185,0.02155,0.02176,14014.23
PEOPLEUSDTSWAP,60,20250603,070000,0.02177,0.02178,0.02142,0.02152,9854.65
PEOPLEUSDTSWAP,60,20250603,080000,0.02152,0.02178,0.02151,0.02173,8432.74
PEOPLEUSDTSWAP,60,20250603,090000,0.02173,0.02184,0.02158,0.02183,6582.76
PEOPLEUSDTSWAP,60,20250603,100000,0.02183,0.02213,0.02138,0.02176,55311.15
PEOPLEUSDTSWAP,60,20250603,110000,0.02176,0.02185,0.02149,0.02177,11797.49
PEOPLEUSDTSWAP,60,20250603,120000,0.02178,0.02203,0.02175,0.02196,10565.48
PEOPLEUSDTSWAP,60,20250603,130000,0.02197,0.02203,0.02177,0.02185,7455.61
PEOPLEUSDTSWAP,60,20250603,140000,0.02185,0.02201,0.02184,0.022,6428.95
PEOPLEUSDTSWAP,60,20250603,150000,0.022,0.02217,0.02189,0.02206,10495.28
PEOPLEUSDTSWAP,60,20250603,160000,0.02206,0.02277,0.02205,0.0224,42568.67
PEOPLEUSDTSWAP,60,20250603,170000,0.0224,0.02291,0.02219,0.02287,34990.82
PEOPLEUSDTSWAP,60,20250603,180000,0.02286,0.02306,0.02244,0.02264,29716.4
PEOPLEUSDTSWAP,60,20250603,190000,0.02264,0.02268,0.02232,0.02238,15355.17
PEOPLEUSDTSWAP,60,20250603,200000,0.02237,0.02278,0.02232,0.02251,11702.71
PEOPLEUSDTSWAP,60,20250603,210000,0.02251,0.02252,0.02224,0.02234,13828.39
PEOPLEUSDTSWAP,60,20250603,220000,0.02233,0.02263,0.02232,0.02258,8228.47
PEOPLEUSDTSWAP,60,20250603,230000,0.02258,0.0227,0.02213,0.02224,13148.02
PEOPLEUSDTSWAP,60,20250604,000000,0.02223,0.02231,0.02174,0.02192,12396.18
PEOPLEUSDTSWAP,60,20250604,010000,0.02192,0.02213,0.02187,0.022,6383.08
PEOPLEUSDTSWAP,60,20250604,020000,0.02201,0.02204,0.02181,0.02184,6176.36
PEOPLEUSDTSWAP,60,20250604,030000,0.02184,0.0221,0.02169,0.02204,9930.95
PEOPLEUSDTSWAP,60,20250604,040000,0.02205,0.02236,0.02204,0.02212,12842.18
PEOPLEUSDTSWAP,60,20250604,050000,0.02212,0.02226,0.02203,0.02205,6903.01
PEOPLEUSDTSWAP,60,20250604,060000,0.02205,0.02246,0.02201,0.0222,10680.95
PEOPLEUSDTSWAP,60,20250604,070000,0.0222,0.02225,0.02206,0.02224,6991.71
PEOPLEUSDTSWAP,60,20250604,080000,0.02224,0.02235,0.02212,0.02221,7612.77
PEOPLEUSDTSWAP,60,20250604,090000,0.02221,0.02226,0.02195,0.02199,10354.52
PEOPLEUSDTSWAP,60,20250604,100000,0.02198,0.02209,0.02189,0.02207,8401.59
PEOPLEUSDTSWAP,60,20250604,110000,0.02206,0.0223,0.02201,0.02217,11989.87
PEOPLEUSDTSWAP,60,20250604,120000,0.02217,0.02221,0.02191,0.02212,11385.09
PEOPLEUSDTSWAP,60,20250604,130000,0.02212,0.02215,0.02167,0.02172,17611.63
PEOPLEUSDTSWAP,60,20250604,140000,0.02172,0.02177,0.02156,0.02161,9873.17
PEOPLEUSDTSWAP,60,20250604,150000,0.02163,0.02171,0.0214,0.02152,13847.09
PEOPLEUSDTSWAP,60,20250604,160000,0.02151,0.02172,0.02143,0.02151,16219.66
PEOPLEUSDTSWAP,60,20250604,170000,0.0215,0.02173,0.02123,0.02172,22397.19
PEOPLEUSDTSWAP,60,20250604,180000,0.02171,0.02191,0.02161,0.02175,15541.49
PEOPLEUSDTSWAP,60,20250604,190000,0.02175,0.02178,0.02143,0.02149,16172.65
PEOPLEUSDTSWAP,60,20250604,200000,0.02149,0.0215,0.02104,0.02113,15093.63
PEOPLEUSDTSWAP,60,20250604,210000,0.02114,0.02129,0.0211,0.02116,5064.85
PEOPLEUSDTSWAP,60,20250604,220000,0.02115,0.02123,0.02109,0.02121,2280.12