<TICKER>,<PER>,<DATE>,<TIME>,<OPEN>,<HIGH>,<LOW>,<CLOSE>,<VOL>
PEPEUSDTSWAP,60,20250531,190000,0.000011571,0.00001185,0.000011506,0.000011723,4.23
PEPEUSDTSWAP,60,20250531,200000,0.000011723,0.000011768,0.000011582,0.000011605,2.17
PEPEUSDTSWAP,60,20250531,210000,0.000011605,0.000011793,0.00001159,0.00001173,1.55
PEPEUSDTSWAP,60,20250531,220000,0.000011731,0.000011831,0.000011729,0.000011766,1.49
PEPEUSDTSWAP,60,20250531,230000,0.000011765,0.000011812,0.000011707,0.000011745,1.2
PEPEUSDTSWAP,60,20250601,000000,0.000011745,0.000011849,0.00001174,0.000011791,1.67
PEPEUSDTSWAP,60,20250601,010000,0.000011791,0.000011809,0.000011683,0.000011698,0.91
PEPEUSDTSWAP,60,20250601,020000,0.000011698,0.000011828,0.000011582,0.000011637,2.3
PEPEUSDTSWAP,60,20250601,030000,0.000011636,0.000011703,0.000011559,0.000011632,1.56
PEPEUSDTSWAP,60,20250601,040000,0.000011631,0.000011728,0.00001142,0.000011516,2.59
PEPEUSDTSWAP,60,20250601,050000,0.000011516,0.000011619,0.000011383,0.000011563,2.49
PEPEUSDTSWAP,60,20250601,060000,0.000011564,0.000011601,0.000011434,0.000011556,1.71
PEPEUSDTSWAP,60,20250601,070000,0.000011556,0.000011763,0.000011527,0.000011702,1.85
PEPEUSDTSWAP,60,20250601,080000,0.000011702,0.00001177,0.000011621,0.00001166,1.58
PEPEUSDTSWAP,60,20250601,090000,0.00001166,0.000011665,0.000011547,0.000011565,1.62
PEPEUSDTSWAP,60,20250601,100000,0.000011564,0.000011597,0.000011482,0.000011575,1.73
PEPEUSDTSWAP,60,20250601,110000,0.000011574,0.000011589,0.000011469,0.00001152,1.62
PEPEUSDTSWAP,60,20250601,120000,0.00001152,0.000011559,0.000011271,0.000011369,3.98
PEPEUSDTSWAP,60,20250601,130000,0.000011369,0.000011428,0.000011317,0.000011405,1.83
PEPEUSDTSWAP,60,20250601,140000,0.000011404,0.000011469,0.00001135,0.000011432,1.32
PEPEUSDTSWAP,60,20250601,150000,0.000011431,0.000011469,0.000011288,0.000011362,1.97
PEPEUSDTSWAP,60,20250601,160000,0.000011361,0.000011554,0.000011351,0.000011516,2.5
PEPEUSDTSWAP,60,20250601,170000,0.000011517,0.000011744,0.000011517,0.000011623,3.7
PEPEUSDTSWAP,60,20250601,180000,0.000011622,0.000011734,0.000011603,0.000011708,1.99
PEPEUSDTSWAP,60,20250601,190000,0.000011707,0.000012033,0.000011686,0.000011898,5.59
PEPEUSDTSWAP,60,20250601,200000,0.000011899,0.000012012,0.000011843,0.0000119,2.7
PEPEUSDTSWAP,60,20250601,210000,0.0000119,0.000011904,0.000011553,0.000011705,4.31
PEPEUSDTSWAP,60,20250601,220000,0.000011706,0.000011787,0.000011672,0.000011767,1.73
PEPEUSDTSWAP,60,20250601,230000,0.000011767,0.000011856,0.000011691,0.000011757,1.25
PEPEUSDTSWAP,60,20250602,000000,0.000011756,0.000011894,0.000011742,0.000011877,0.82
PEPEUSDTSWAP,60,20250602,010000,0.000011876,0.000011948,0.000011791,0.000011834,1.24
PEPEUSDTSWAP,60,20250602,020000,0.000011834,0.000011911,0.00001177,0.000011797,0.94
PEPEUSDTSWAP,60,20250602,030000,0.000011798,0.000011821,0.000011703,0.000011757,1.86
PEPEUSDTSWAP,60,20250602,040000,0.000011758,0.000011874,0.00001167,0.000011686,1.54
PEPEUSDTSWAP,60,20250602,050000,0.000011686,0.000011703,0.000011517,0.000011585,2.52
PEPEUSDTSWAP,60,20250602,060000,0.000011586,0.000011591,0.00001146,0.000011541,2.0
PEPEUSDTSWAP,60,20250602,070000,0.00001154,0.000011613,0.000011504,0.000011517,1.44
PEPEUSDTSWAP,60,20250602,080000,0.000011518,0.000011599,0.000011442,0.000011543,1.93
PEPEUSDTSWAP,60,20250602,090000,0.000011544,0.000011657,0.000011453,0.000011607,2.34
PEPEUSDTSWAP,60,20250602,100000,0.000011607,0.000011786,0.000011607,0.000011683,2.49
PEPEUSDTSWAP,60,20250602,110000,0.000011683,0.000011748,0.00001154,0.000011573,2.39
PEPEUSDTSWAP,60,20250602,120000,0.000011574,0.000011576,0.000011412,0.00001145,2.9
PEPEUSDTSWAP,60,20250602,130000,0.00001145,0.000011524,0.000011401,0.00001149,2.79
PEPEUSDTSWAP,60,20250602,140000,0.00001149,0.000011532,0.000011391,0.000011501,2.4
PEPEUSDTSWAP,60,20250602,150000,0.000011499,0.000011638,0.000011413,0.000011637,3.08
PEPEUSDTSWAP,60,20250602,160000,0.000011638,0.000011706,0.000011493,0.000011567,4.21
PEPEUSDTSWAP,60,20250602,170000,0.000011566,0.000011784,0.000011456,0.000011698,5.3
PEPEUSDTSWAP,60,20250602,180000,0.000011697,0.000011823,0.000011598,0.00001177,3.52
PEPEUSDTSWAP,60,20250602,190000,0.000011771,0.000011856,0.000011658,0.000011817,2.33
PEPEUSDTSWAP,60,20250602,200000,0.000011816,0.000011876,0.000011753,0.000011839,2.28
PEPEUSDTSWAP,60,20250602,210000,0.000011839,0.00001196,0.000011806,0.000011833,2.24
PEPEUSDTSWAP,60,20250602,220000,0.000011832,0.000011914,0.00001169,0.000011776,2.0
PEPEUSDTSWAP,60,20250602,230000,0.000011776,0.000012084,0.000011776,0.000012026,2.99
PEPEUSDTSWAP,60,20250603,000000,0.000012026,0.000012229,0.000012026,0.000012208,2.46
PEPEUSDTSWAP,60,20250603,010000,0.000012208,0.000012388,0.000012203,0.000012259,3.1
PEPEUSDTSWAP,60,20250603,020000,0.00001226,0.000012419,0.000012239,0.00001235,2.72
PEPEUSDTSWAP,60,20250603,030000,0.000012349,0.000012573,0.000012264,0.000012527,4.31
PEPEUSDTSWAP,60,20250603,040000,0.000012528,0.00001287,0.000012495,0.000012843,4.88
PEPEUSDTSWAP,60,20250603,050000,0.000012843,0.000012864,0.000012507,0.000012559,5.13
PEPEUSDTSWAP,60,20250603,060000,0.000012559,0.000012652,0.000012455,0.000012619,3.38
PEPEUSDTSWAP,60,20250603,070000,0.000012619,0.00001266,0.000012463,0.000012495,2.51
PEPEUSDTSWAP,60,20250603,080000,0.000012495,0.00001265,0.000012491,0.000012627,1.9
PEPEUSDTSWAP,60,20250603,090000,0.000012627,0.000012652,0.000012534,0.000012645,1.44
PEPEUSDTSWAP,60,20250603,100000,0.000012645,0.000012662,0.000012544,0.000012565,1.22
PEPEUSDTSWAP,60,20250603,110000,0.000012566,0.000012602,0.000012404,0.000012559,3.21
PEPEUSDTSWAP,60,20250603,120000,0.00001256,0.000012656,0.000012495,0.000012596,1.75
PEPEUSDTSWAP,60,20250603,130000,0.000012597,0.000012645,0.000012571,0.000012623,1.5
PEPEUSDTSWAP,60,20250603,140000,0.000012623,0.00001267,0.000012553,0.00001258,1.54
PEPEUSDTSWAP,60,20250603,150000,0.00001258,0.000012643,0.000012522,0.000012625,1.55
PEPEUSDTSWAP,60,20250603,160000,0.000012626,0.000012798,0.000012556,0.000012658,6.09
PEPEUSDTSWAP,60,20250603,170000,0.000012658,0.000012888,0.000012523,0.000012885,5.79
PEPEUSDTSWAP,60,20250603,180000,0.000012884,0.000012957,0.000012733,0.000012784,5.16
PEPEUSDTSWAP,60,20250603,190000,0.000012785,0.000012801,0.000012561,0.00001259,4.15
PEPEUSDTSWAP,60,20250603,200000,0.00001259,0.000012764,0.000012562,0.000012659,2.33
PEPEUSDTSWAP,60,20250603,210000,0.000012659,0.00001266,0.000012564,0.000012622,1.58
PEPEUSDTSWAP,60,20250603,220000,0.000012622,0.000012777,0.000012621,0.000012729,1.57
PEPEUSDTSWAP,60,20250603,230000,0.000012732,0.000012739,0.000012322,0.00001245,3.99
PEPEUSDTSWAP,60,20250604,000000,0.00001245,0.000012485,0.000012148,0.00001222,3.15
PEPEUSDTSWAP,60,20250604,010000,0.000012223,0.000012391,0.00001217,0.000012349,1.83
PEPEUSDTSWAP,60,20250604,020000,0.00001235,0.000012361,0.000012222,0.000012249,1.57
PEPEUSDTSWAP,60,20250604,030000,0.000012248,0.000012325,0.000012131,0.0000123,2.24
PEPEUSDTSWAP,60,20250604,040000,0.000012299,0.000012497,0.000012281,0.000012361,2.78
PEPEUSDTSWAP,60,20250604,050000,0.000012362,0.000012452,0.000012313,0.000012339,1.43
PEPEUSDTSWAP,60,20250604,060000,0.000012338,0.000012488,0.00001232,0.00001239,1.84
PEPEUSDTSWAP,60,20250604,070000,0.00001239,0.000012431,0.000012333,0.000012408,1.27
PEPEUSDTSWAP,60,20250604,080000,0.000012409,0.000012454,0.000012364,0.000012396,1.1
PEPEUSDTSWAP,60,20250604,090000,0.000012396,0.000012472,0.000012375,0.000012407,1.2
PEPEUSDTSWAP,60,20250604,100000,0.000012408,0.000012441,0.000012361,0.000012402,1.13
PEPEUSDTSWAP,60,20250604,110000,0.000012403,0.000012506,0.000012401,0.000012445,1.51
PEPEUSDTSWAP,60,20250604,120000,0.000012444,0.000012523,0.00001238,0.000012489,1.47
PEPEUSDTSWAP,60,20250604,130000,0.000012489,0.000012527,0.000012406,0.000012426,1.24
PEPEUSDTSWAP,60,20250604,140000,0.000012424,0.00001245,0.000012319,0.000012348,1.91
PEPEUSDTSWAP,60,20250604,150000,0.000012348,0.000012414,0.000012238,0.000012288,2.65
PEPEUSDTSWAP,60,20250604,160000,0.000012288,0.000012382,0.000012225,0.000012287,2.53
PEPEUSDTSWAP,60,20250604,170000,0.000012285,0.000012475,0.000012175,0.000012448,4.14
PEPEUSDTSWAP,60,20250604,180000,0.000012449,0.000012615,0.000012428,0.00001257,4.82
PEPEUSDTSWAP,60,20250604,190000,0.00001257,0.00001259,0.000012432,0.000012513,2.8
PEPEUSDTSWAP,60,20250604,200000,0.000012511,0.000012523,0.000012183,0.000012276,3.57
PEPEUSDTSWAP,60,20250604,210000,0.000012277,0.000012329,0.000012219,0.000012232,1.7
PEPEUSDTSWAP,60,20250604,220000,0.000012231,0.000012272,0.000012182,0.000012229,0.56