<TICKER>,<PER>,<DATE>,<TIME>,<OPEN>,<HIGH>,<LOW>,<CLOSE>,<VOL>
PEPEUSDTSWAP,3,20250604,172700,0.000012303,0.000012303,0.000012273,0.000012288,0.09
PEPEUSDTSWAP,3,20250604,173000,0.000012288,0.000012308,0.000012281,0.000012308,0.12
PEPEUSDTSWAP,3,20250604,173300,0.000012307,0.000012342,0.000012303,0.000012314,0.14
PEPEUSDTSWAP,3,20250604,173600,0.000012313,0.000012317,0.00001229,0.000012291,0.08
PEPEUSDTSWAP,3,20250604,173900,0.000012291,0.000012323,0.000012287,0.000012314,0.08
PEPEUSDTSWAP,3,20250604,174200,0.000012314,0.000012323,0.000012295,0.000012322,0.05
PEPEUSDTSWAP,3,20250604,174500,0.000012323,0.000012365,0.000012311,0.000012359,0.15
PEPEUSDTSWAP,3,20250604,174800,0.00001236,0.0000124,0.00001236,0.000012376,0.27
PEPEUSDTSWAP,3,20250604,175100,0.000012376,0.000012396,0.000012372,0.000012396,0.12
PEPEUSDTSWAP,3,20250604,175400,0.000012395,0.000012451,0.000012395,0.000012438,0.38
PEPEUSDTSWAP,3,20250604,175700,0.000012439,0.000012475,0.00001243,0.000012448,0.25
PEPEUSDTSWAP,3,20250604,180000,0.000012449,0.000012469,0.000012432,0.000012438,0.28
PEPEUSDTSWAP,3,20250604,180300,0.00001244,0.000012453,0.000012428,0.000012442,0.2
PEPEUSDTSWAP,3,20250604,180600,0.000012442,0.000012485,0.000012438,0.000012459,0.18
PEPEUSDTSWAP,3,20250604,180900,0.000012459,0.000012493,0.000012452,0.000012486,0.13
PEPEUSDTSWAP,3,20250604,181200,0.000012488,0.000012508,0.000012476,0.000012496,0.23
PEPEUSDTSWAP,3,20250604,181500,0.000012497,0.000012568,0.000012497,0.000012547,0.47
PEPEUSDTSWAP,3,20250604,181800,0.000012547,0.000012556,0.000012508,0.000012517,0.31
PEPEUSDTSWAP,3,20250604,182100,0.00001252,0.000012548,0.000012495,0.000012534,0.25
PEPEUSDTSWAP,3,20250604,182400,0.000012533,0.000012543,0.000012512,0.000012512,0.21
PEPEUSDTSWAP,3,20250604,182700,0.000012511,0.000012527,0.000012498,0.000012501,0.14
PEPEUSDTSWAP,3,20250604,183000,0.000012501,0.00001251,0.000012458,0.000012489,0.28
PEPEUSDTSWAP,3,20250604,183300,0.00001249,0.000012511,0.00001248,0.000012485,0.11
PEPEUSDTSWAP,3,20250604,183600,0.000012484,0.000012567,0.000012483,0.000012548,0.43
PEPEUSDTSWAP,3,20250604,183900,0.000012548,0.000012604,0.000012543,0.000012594,0.42
PEPEUSDTSWAP,3,20250604,184200,0.000012594,0.000012615,0.000012572,0.000012592,0.36
PEPEUSDTSWAP,3,20250604,184500,0.000012592,0.000012612,0.000012558,0.00001256,0.19
PEPEUSDTSWAP,3,20250604,184800,0.000012561,0.000012576,0.000012535,0.000012549,0.25
PEPEUSDTSWAP,3,20250604,185100,0.000012549,0.000012591,0.000012542,0.000012567,0.15
PEPEUSDTSWAP,3,20250604,185400,0.000012566,0.000012613,0.000012564,0.000012606,0.12
PEPEUSDTSWAP,3,20250604,185700,0.000012606,0.000012613,0.000012549,0.00001257,0.12
PEPEUSDTSWAP,3,20250604,190000,0.00001257,0.00001259,0.00001253,0.00001254,0.18
PEPEUSDTSWAP,3,20250604,190300,0.00001254,0.00001255,0.000012522,0.000012533,0.16
PEPEUSDTSWAP,3,20250604,190600,0.000012533,0.000012543,0.000012504,0.000012508,0.19
PEPEUSDTSWAP,3,20250604,190900,0.000012509,0.000012531,0.000012507,0.000012522,0.1
PEPEUSDTSWAP,3,20250604,191200,0.000012522,0.000012534,0.000012504,0.000012504,0.11
PEPEUSDTSWAP,3,20250604,191500,0.000012505,0.000012512,0.00001247,0.000012473,0.26
PEPEUSDTSWAP,3,20250604,191800,0.000012473,0.000012523,0.000012467,0.000012519,0.23
PEPEUSDTSWAP,3,20250604,192100,0.000012518,0.000012529,0.00001248,0.000012482,0.1
PEPEUSDTSWAP,3,20250604,192400,0.000012482,0.000012482,0.00001245,0.00001245,0.22
PEPEUSDTSWAP,3,20250604,192700,0.000012451,0.000012468,0.000012432,0.000012454,0.29
PEPEUSDTSWAP,3,20250604,193000,0.000012453,0.00001249,0.000012441,0.00001249,0.17
PEPEUSDTSWAP,3,20250604,193300,0.00001249,0.000012502,0.000012483,0.000012494,0.15
PEPEUSDTSWAP,3,20250604,193600,0.000012493,0.000012498,0.000012473,0.000012488,0.09
PEPEUSDTSWAP,3,20250604,193900,0.000012487,0.000012516,0.000012487,0.000012489,0.12
PEPEUSDTSWAP,3,20250604,194200,0.000012488,0.000012492,0.000012463,0.000012466,0.06
PEPEUSDTSWAP,3,20250604,194500,0.000012466,0.000012493,0.000012458,0.000012485,0.09
PEPEUSDTSWAP,3,20250604,194800,0.000012485,0.000012516,0.000012484,0.000012509,0.09
PEPEUSDTSWAP,3,20250604,195100,0.00001251,0.00001251,0.000012495,0.000012502,0.05
PEPEUSDTSWAP,3,20250604,195400,0.000012502,0.000012524,0.0000125,0.000012511,0.09
PEPEUSDTSWAP,3,20250604,195700,0.000012511,0.000012514,0.000012497,0.000012513,0.03
PEPEUSDTSWAP,3,20250604,200000,0.000012511,0.000012523,0.000012474,0.000012474,0.1
PEPEUSDTSWAP,3,20250604,200300,0.000012475,0.000012492,0.000012457,0.000012468,0.07
PEPEUSDTSWAP,3,20250604,200600,0.000012468,0.000012468,0.000012426,0.000012446,0.13
PEPEUSDTSWAP,3,20250604,200900,0.000012444,0.000012444,0.000012405,0.000012414,0.21
PEPEUSDTSWAP,3,20250604,201200,0.000012415,0.000012448,0.000012412,0.000012441,0.13
PEPEUSDTSWAP,3,20250604,201500,0.000012441,0.000012445,0.000012397,0.000012408,0.12
PEPEUSDTSWAP,3,20250604,201800,0.000012408,0.000012423,0.000012403,0.000012423,0.1
PEPEUSDTSWAP,3,20250604,202100,0.000012422,0.000012436,0.00001241,0.000012425,0.07
PEPEUSDTSWAP,3,20250604,202400,0.000012424,0.000012432,0.000012362,0.000012389,0.3
PEPEUSDTSWAP,3,20250604,202700,0.000012389,0.0000124,0.000012355,0.000012355,0.12
PEPEUSDTSWAP,3,20250604,203000,0.000012356,0.000012356,0.000012233,0.000012249,0.64
PEPEUSDTSWAP,3,20250604,203300,0.000012249,0.000012272,0.000012214,0.000012251,0.33
PEPEUSDTSWAP,3,20250604,203600,0.00001225,0.00001225,0.000012184,0.000012196,0.31
PEPEUSDTSWAP,3,20250604,203900,0.000012197,0.000012226,0.000012183,0.000012215,0.19
PEPEUSDTSWAP,3,20250604,204200,0.000012214,0.00001223,0.000012201,0.000012221,0.12
PEPEUSDTSWAP,3,20250604,204500,0.000012221,0.000012249,0.000012211,0.000012231,0.13
PEPEUSDTSWAP,3,20250604,204800,0.00001223,0.000012266,0.000012222,0.000012241,0.13
PEPEUSDTSWAP,3,20250604,205100,0.000012242,0.000012262,0.000012228,0.000012253,0.15
PEPEUSDTSWAP,3,20250604,205400,0.000012252,0.000012264,0.000012241,0.000012256,0.07
PEPEUSDTSWAP,3,20250604,205700,0.000012257,0.000012276,0.000012254,0.000012276,0.1
PEPEUSDTSWAP,3,20250604,210000,0.000012277,0.000012307,0.000012277,0.000012301,0.19
PEPEUSDTSWAP,3,20250604,210300,0.000012302,0.000012319,0.000012295,0.000012312,0.14
PEPEUSDTSWAP,3,20250604,210600,0.000012312,0.000012318,0.00001224,0.00001225,0.17
PEPEUSDTSWAP,3,20250604,210900,0.00001225,0.000012283,0.000012231,0.00001228,0.11
PEPEUSDTSWAP,3,20250604,211200,0.000012279,0.000012284,0.000012261,0.00001227,0.07
PEPEUSDTSWAP,3,20250604,211500,0.000012271,0.000012294,0.000012262,0.000012284,0.05
PEPEUSDTSWAP,3,20250604,211800,0.000012285,0.000012317,0.000012274,0.000012305,0.05
PEPEUSDTSWAP,3,20250604,212100,0.000012304,0.000012319,0.000012302,0.000012311,0.07
PEPEUSDTSWAP,3,20250604,212400,0.00001231,0.000012319,0.000012302,0.000012311,0.04
PEPEUSDTSWAP,3,20250604,212700,0.00001231,0.000012326,0.000012308,0.000012314,0.07
PEPEUSDTSWAP,3,20250604,213000,0.000012314,0.000012329,0.00001227,0.000012283,0.18
PEPEUSDTSWAP,3,20250604,213300,0.000012283,0.000012285,0.000012267,0.000012274,0.03
PEPEUSDTSWAP,3,20250604,213600,0.000012274,0.000012276,0.000012252,0.00001226,0.05
PEPEUSDTSWAP,3,20250604,213900,0.000012261,0.000012275,0.000012256,0.000012273,0.04
PEPEUSDTSWAP,3,20250604,214200,0.000012272,0.000012312,0.000012269,0.000012309,0.03
PEPEUSDTSWAP,3,20250604,214500,0.00001231,0.000012318,0.000012273,0.000012277,0.07
PEPEUSDTSWAP,3,20250604,214800,0.000012278,0.000012289,0.000012254,0.000012257,0.11
PEPEUSDTSWAP,3,20250604,215100,0.000012258,0.000012263,0.000012245,0.000012254,0.06
PEPEUSDTSWAP,3,20250604,215400,0.000012255,0.000012266,0.000012219,0.000012233,0.08
PEPEUSDTSWAP,3,20250604,215700,0.000012233,0.00001224,0.000012225,0.000012232,0.09
PEPEUSDTSWAP,3,20250604,220000,0.000012231,0.000012249,0.000012227,0.000012235,0.07
PEPEUSDTSWAP,3,20250604,220300,0.000012236,0.000012272,0.000012234,0.000012264,0.06
PEPEUSDTSWAP,3,20250604,220600,0.000012265,0.000012265,0.000012202,0.000012221,0.13
PEPEUSDTSWAP,3,20250604,220900,0.000012222,0.000012223,0.000012192,0.000012209,0.06
PEPEUSDTSWAP,3,20250604,221200,0.00001221,0.000012222,0.000012205,0.000012216,0.05
PEPEUSDTSWAP,3,20250604,221500,0.000012217,0.000012223,0.000012182,0.00001221,0.08
PEPEUSDTSWAP,3,20250604,221800,0.00001221,0.000012245,0.00001221,0.000012228,0.07
PEPEUSDTSWAP,3,20250604,222100,0.000012228,0.000012254,0.000012224,0.000012241,0.04
PEPEUSDTSWAP,3,20250604,222400,0.000012241,0.000012241,0.000012232,0.000012232,0.0