<TICKER>,<PER>,<DATE>,<TIME>,<OPEN>,<HIGH>,<LOW>,<CLOSE>,<VOL>
POPCATUSDTSWAP,1440,20250225,030000,0.2026,0.2361,0.1956,0.2245,3092323.1
POPCATUSDTSWAP,1440,20250226,030000,0.2246,0.2614,0.22,0.258,2472163.67
POPCATUSDTSWAP,1440,20250227,030000,0.2581,0.2745,0.2471,0.2552,2353088.15
POPCATUSDTSWAP,1440,20250228,030000,0.2553,0.2963,0.2424,0.2823,3326229.15
POPCATUSDTSWAP,1440,20250301,030000,0.2823,0.2935,0.2443,0.2497,1927698.54
POPCATUSDTSWAP,1440,20250302,030000,0.2498,0.2966,0.2209,0.2902,3781201.62
POPCATUSDTSWAP,1440,20250303,030000,0.2901,0.2985,0.2268,0.2281,3654444.24
POPCATUSDTSWAP,1440,20250304,030000,0.2282,0.2312,0.1931,0.2124,2600494.18
POPCATUSDTSWAP,1440,20250305,030000,0.2122,0.2344,0.2075,0.2327,1246795.74
POPCATUSDTSWAP,1440,20250306,030000,0.233,0.2439,0.2213,0.2215,1715245.34
POPCATUSDTSWAP,1440,20250307,030000,0.2215,0.2298,0.2044,0.2084,2150432.75
POPCATUSDTSWAP,1440,20250308,030000,0.2083,0.2156,0.1915,0.1994,1224138.27
POPCATUSDTSWAP,1440,20250309,030000,0.1993,0.2041,0.1645,0.1691,1464670.45
POPCATUSDTSWAP,1440,20250310,030000,0.1692,0.1807,0.1465,0.1509,1387336.79
POPCATUSDTSWAP,1440,20250311,030000,0.151,0.1616,0.1374,0.1558,1328790.19
POPCATUSDTSWAP,1440,20250312,030000,0.1559,0.1661,0.1477,0.1652,1046442.58
POPCATUSDTSWAP,1440,20250313,030000,0.1651,0.1948,0.1576,0.1751,3165520.08
POPCATUSDTSWAP,1440,20250314,030000,0.1751,0.2162,0.1751,0.1917,3106044.27
POPCATUSDTSWAP,1440,20250315,030000,0.1916,0.2032,0.1891,0.1985,1645405.81
POPCATUSDTSWAP,1440,20250316,030000,0.1986,0.2057,0.1804,0.1805,1881349.91
POPCATUSDTSWAP,1440,20250317,030000,0.1806,0.2098,0.1792,0.1984,1410555.17
POPCATUSDTSWAP,1440,20250318,030000,0.1984,0.2009,0.18,0.1971,1436778.87
POPCATUSDTSWAP,1440,20250319,030000,0.197,0.2076,0.1857,0.2068,1955426.33
POPCATUSDTSWAP,1440,20250320,030000,0.2069,0.2133,0.1831,0.1904,1823671.64
POPCATUSDTSWAP,1440,20250321,030000,0.1903,0.2049,0.182,0.1948,1119300.45
POPCATUSDTSWAP,1440,20250322,030000,0.1948,0.219,0.1913,0.1997,1761750.36
POPCATUSDTSWAP,1440,20250323,030000,0.1996,0.2151,0.1985,0.2147,1475630.62
POPCATUSDTSWAP,1440,20250324,030000,0.2147,0.2459,0.2091,0.2352,1778051.15
POPCATUSDTSWAP,1440,20250325,030000,0.235,0.2643,0.2273,0.245,2408706.99
POPCATUSDTSWAP,1440,20250326,030000,0.245,0.2574,0.2322,0.2453,2268589.75
POPCATUSDTSWAP,1440,20250327,030000,0.2452,0.2502,0.2299,0.2439,1455600.38
POPCATUSDTSWAP,1440,20250328,030000,0.2441,0.2458,0.2006,0.2067,1900075.62
POPCATUSDTSWAP,1440,20250329,030000,0.2067,0.2074,0.1801,0.1835,1122271.86
POPCATUSDTSWAP,1440,20250330,030000,0.1835,0.1992,0.1818,0.1901,875107.46
POPCATUSDTSWAP,1440,20250331,030000,0.1901,0.194,0.1808,0.1907,927652.07
POPCATUSDTSWAP,1440,20250401,030000,0.1908,0.2028,0.188,0.1914,1212837.18
POPCATUSDTSWAP,1440,20250402,030000,0.1914,0.1952,0.1604,0.162,1960337.37
POPCATUSDTSWAP,1440,20250403,030000,0.162,0.1723,0.1489,0.1622,1210163.17
POPCATUSDTSWAP,1440,20250404,030000,0.1622,0.1713,0.1519,0.1648,1756181.09
POPCATUSDTSWAP,1440,20250405,030000,0.1649,0.1681,0.153,0.1602,480471.77
POPCATUSDTSWAP,1440,20250406,030000,0.1602,0.1603,0.1347,0.1384,965422.87
POPCATUSDTSWAP,1440,20250407,030000,0.1384,0.1508,0.1237,0.1388,1721957.44
POPCATUSDTSWAP,1440,20250408,030000,0.1389,0.1454,0.1237,0.1253,721365.48
POPCATUSDTSWAP,1440,20250409,030000,0.1253,0.174,0.1177,0.1702,1566381.94
POPCATUSDTSWAP,1440,20250410,030000,0.1702,0.1761,0.1553,0.1743,2809082.41
POPCATUSDTSWAP,1440,20250411,030000,0.1744,0.2401,0.1701,0.2164,5133605.61
POPCATUSDTSWAP,1440,20250412,030000,0.2165,0.2904,0.2151,0.2691,5702371.2
POPCATUSDTSWAP,1440,20250413,030000,0.2691,0.2899,0.2333,0.2444,6238523.77
POPCATUSDTSWAP,1440,20250414,030000,0.2444,0.2902,0.2416,0.2791,5187609.47
POPCATUSDTSWAP,1440,20250415,030000,0.2791,0.2827,0.2241,0.225,5578177.17
POPCATUSDTSWAP,1440,20250416,030000,0.2251,0.2686,0.2202,0.244,4848027.77
POPCATUSDTSWAP,1440,20250417,030000,0.2442,0.2718,0.2312,0.2547,4095030.58
POPCATUSDTSWAP,1440,20250418,030000,0.2547,0.26,0.2273,0.2304,2629603.29
POPCATUSDTSWAP,1440,20250419,030000,0.2305,0.2483,0.2262,0.2429,1350301.96
POPCATUSDTSWAP,1440,20250420,030000,0.2428,0.265,0.239,0.2544,1532876.28
POPCATUSDTSWAP,1440,20250421,030000,0.2544,0.2752,0.2422,0.2617,2548816.3
POPCATUSDTSWAP,1440,20250422,030000,0.2617,0.3424,0.2523,0.3376,6703055.83
POPCATUSDTSWAP,1440,20250423,030000,0.3377,0.398,0.3258,0.3346,7011563.11
POPCATUSDTSWAP,1440,20250424,030000,0.3345,0.3955,0.3154,0.3936,4844607.99
POPCATUSDTSWAP,1440,20250425,030000,0.3935,0.4504,0.3714,0.396,7576599.71
POPCATUSDTSWAP,1440,20250426,030000,0.3961,0.422,0.3798,0.4027,3081746.73
POPCATUSDTSWAP,1440,20250427,030000,0.4028,0.4058,0.3586,0.3796,2270761.23
POPCATUSDTSWAP,1440,20250428,030000,0.3796,0.44,0.3671,0.3833,2836821.03
POPCATUSDTSWAP,1440,20250429,030000,0.3832,0.3916,0.3501,0.3623,1814442.8
POPCATUSDTSWAP,1440,20250430,030000,0.3623,0.4025,0.3411,0.3998,1781247.23
POPCATUSDTSWAP,1440,20250501,030000,0.3996,0.4077,0.3716,0.3826,1778490.93
POPCATUSDTSWAP,1440,20250502,030000,0.3828,0.4132,0.3643,0.4098,1667236.78
POPCATUSDTSWAP,1440,20250503,030000,0.4098,0.4158,0.3648,0.3697,1666848.39
POPCATUSDTSWAP,1440,20250504,030000,0.3698,0.3771,0.3489,0.3644,1181343.11
POPCATUSDTSWAP,1440,20250505,030000,0.3642,0.393,0.3479,0.3834,1729137.11
POPCATUSDTSWAP,1440,20250506,030000,0.3833,0.4054,0.365,0.4045,2323698.37
POPCATUSDTSWAP,1440,20250507,030000,0.4045,0.4622,0.3913,0.4583,3845590.8
POPCATUSDTSWAP,1440,20250508,030000,0.4584,0.5044,0.4464,0.4744,3708297.39
POPCATUSDTSWAP,1440,20250509,030000,0.4741,0.5393,0.4585,0.5189,3868409.47
POPCATUSDTSWAP,1440,20250510,030000,0.519,0.5567,0.4923,0.5471,2913860.11
POPCATUSDTSWAP,1440,20250511,030000,0.547,0.5495,0.4944,0.5259,2514750.45
POPCATUSDTSWAP,1440,20250512,030000,0.526,0.6436,0.5055,0.5705,6295738.18
POPCATUSDTSWAP,1440,20250513,030000,0.5706,0.6068,0.5178,0.5758,3589378.13
POPCATUSDTSWAP,1440,20250514,030000,0.5757,0.583,0.5143,0.5232,2521764.62
POPCATUSDTSWAP,1440,20250515,030000,0.5234,0.53,0.4575,0.4891,4120301.11
POPCATUSDTSWAP,1440,20250516,030000,0.4892,0.5043,0.4271,0.4312,2388542.97
POPCATUSDTSWAP,1440,20250517,030000,0.4312,0.4417,0.4139,0.4284,2076876.09
POPCATUSDTSWAP,1440,20250518,030000,0.4284,0.4846,0.4252,0.4787,2319925.66
POPCATUSDTSWAP,1440,20250519,030000,0.4787,0.4797,0.4203,0.4349,2172916.48
POPCATUSDTSWAP,1440,20250520,030000,0.4351,0.4596,0.4262,0.4534,1887357.64
POPCATUSDTSWAP,1440,20250521,030000,0.4535,0.5313,0.4398,0.4862,2622687.55
POPCATUSDTSWAP,1440,20250522,030000,0.4864,0.546,0.4857,0.5408,3299101.88
POPCATUSDTSWAP,1440,20250523,030000,0.5409,0.5953,0.4882,0.4975,4838065.45
POPCATUSDTSWAP,1440,20250524,030000,0.4974,0.5109,0.478,0.4842,1729631.4
POPCATUSDTSWAP,1440,20250525,030000,0.4841,0.4899,0.4376,0.4835,1771665.13
POPCATUSDTSWAP,1440,20250526,030000,0.4836,0.5012,0.4547,0.4709,1463122.13
POPCATUSDTSWAP,1440,20250527,030000,0.471,0.4922,0.4529,0.468,1193145.68
POPCATUSDTSWAP,1440,20250528,030000,0.468,0.4763,0.4223,0.4491,1172209.9
POPCATUSDTSWAP,1440,20250529,030000,0.4492,0.4661,0.4028,0.4081,1276109.37
POPCATUSDTSWAP,1440,20250530,030000,0.4081,0.4125,0.3459,0.3491,3013824.62
POPCATUSDTSWAP,1440,20250531,030000,0.3492,0.3747,0.329,0.364,1508848.5
POPCATUSDTSWAP,1440,20250601,030000,0.364,0.3839,0.3457,0.3742,968373.95
POPCATUSDTSWAP,1440,20250602,030000,0.3742,0.3892,0.3521,0.3865,1000196.56
POPCATUSDTSWAP,1440,20250603,030000,0.3866,0.4288,0.371,0.3809,2233887.69
POPCATUSDTSWAP,1440,20250604,030000,0.3809,0.3844,0.3567,0.3632,1255471.16