<TICKER>,<PER>,<DATE>,<TIME>,<OPEN>,<HIGH>,<LOW>,<CLOSE>,<VOL>
PROMPTUSDTSWAP,60,20250531,190000,0.17402,0.1776,0.1726,0.1766,56523.26
PROMPTUSDTSWAP,60,20250531,200000,0.17659,0.17742,0.17376,0.17421,20417.16
PROMPTUSDTSWAP,60,20250531,210000,0.17418,0.17784,0.17393,0.17722,15535.46
PROMPTUSDTSWAP,60,20250531,220000,0.17724,0.18063,0.17711,0.17959,35459.17
PROMPTUSDTSWAP,60,20250531,230000,0.1796,0.1812,0.17861,0.18072,13160.73
PROMPTUSDTSWAP,60,20250601,000000,0.18066,0.18549,0.18006,0.18475,58163.67
PROMPTUSDTSWAP,60,20250601,010000,0.18476,0.19248,0.18377,0.18723,189129.57
PROMPTUSDTSWAP,60,20250601,020000,0.18728,0.19081,0.18492,0.18798,148837.22
PROMPTUSDTSWAP,60,20250601,030000,0.18797,0.19171,0.18584,0.188,104286.7
PROMPTUSDTSWAP,60,20250601,040000,0.18804,0.18981,0.1862,0.1876,81381.46
PROMPTUSDTSWAP,60,20250601,050000,0.18768,0.19441,0.18644,0.19224,286677.63
PROMPTUSDTSWAP,60,20250601,060000,0.19231,0.19358,0.18783,0.1913,243412.54
PROMPTUSDTSWAP,60,20250601,070000,0.19132,0.19388,0.18844,0.19069,151380.99
PROMPTUSDTSWAP,60,20250601,080000,0.1906,0.19219,0.18824,0.18975,115075.51
PROMPTUSDTSWAP,60,20250601,090000,0.18971,0.19169,0.1885,0.18958,80481.05
PROMPTUSDTSWAP,60,20250601,100000,0.18957,0.19426,0.18837,0.19389,137441.66
PROMPTUSDTSWAP,60,20250601,110000,0.19379,0.19665,0.19273,0.19504,371054.36
PROMPTUSDTSWAP,60,20250601,120000,0.19502,0.20236,0.19491,0.20086,753430.13
PROMPTUSDTSWAP,60,20250601,130000,0.20086,0.20642,0.19895,0.20607,691598.54
PROMPTUSDTSWAP,60,20250601,140000,0.20591,0.2124,0.1923,0.19384,1904017.65
PROMPTUSDTSWAP,60,20250601,150000,0.19392,0.19845,0.19015,0.1973,849182.86
PROMPTUSDTSWAP,60,20250601,160000,0.19734,0.19898,0.19092,0.19142,478179.68
PROMPTUSDTSWAP,60,20250601,170000,0.19137,0.19556,0.19083,0.19366,237768.04
PROMPTUSDTSWAP,60,20250601,180000,0.19368,0.19542,0.19192,0.19413,193835.33
PROMPTUSDTSWAP,60,20250601,190000,0.19415,0.20067,0.19179,0.19772,283736.44
PROMPTUSDTSWAP,60,20250601,200000,0.19772,0.20021,0.19603,0.19866,173332.62
PROMPTUSDTSWAP,60,20250601,210000,0.19864,0.19901,0.19382,0.19728,111897.09
PROMPTUSDTSWAP,60,20250601,220000,0.19731,0.20219,0.19591,0.20159,89306.25
PROMPTUSDTSWAP,60,20250601,230000,0.20158,0.20886,0.19981,0.20695,170032.33
PROMPTUSDTSWAP,60,20250602,000000,0.20695,0.21024,0.2054,0.20816,163347.91
PROMPTUSDTSWAP,60,20250602,010000,0.20815,0.21566,0.20668,0.21092,233850.07
PROMPTUSDTSWAP,60,20250602,020000,0.21094,0.21627,0.20939,0.21204,239081.72
PROMPTUSDTSWAP,60,20250602,030000,0.21204,0.21765,0.20949,0.21723,320973.85
PROMPTUSDTSWAP,60,20250602,040000,0.21728,0.22172,0.2134,0.21643,395815.5
PROMPTUSDTSWAP,60,20250602,050000,0.21643,0.21877,0.21363,0.21552,297351.45
PROMPTUSDTSWAP,60,20250602,060000,0.21554,0.21947,0.21108,0.21429,417064.51
PROMPTUSDTSWAP,60,20250602,070000,0.21428,0.21796,0.21116,0.21273,326323.37
PROMPTUSDTSWAP,60,20250602,080000,0.21282,0.21459,0.20748,0.20805,346931.93
PROMPTUSDTSWAP,60,20250602,090000,0.20804,0.21265,0.20365,0.21012,405898.52
PROMPTUSDTSWAP,60,20250602,100000,0.21009,0.2122,0.20817,0.21047,257817.62
PROMPTUSDTSWAP,60,20250602,110000,0.21048,0.2111,0.20613,0.20664,202321.37
PROMPTUSDTSWAP,60,20250602,120000,0.20664,0.20679,0.20215,0.20349,193708.06
PROMPTUSDTSWAP,60,20250602,130000,0.20346,0.20541,0.20236,0.20263,143398.81
PROMPTUSDTSWAP,60,20250602,140000,0.20264,0.20268,0.19827,0.20043,184182.94
PROMPTUSDTSWAP,60,20250602,150000,0.2004,0.20284,0.1983,0.2002,178368.63
PROMPTUSDTSWAP,60,20250602,160000,0.20017,0.2032,0.19923,0.20081,143857.58
PROMPTUSDTSWAP,60,20250602,170000,0.20081,0.20465,0.19992,0.20411,166363.66
PROMPTUSDTSWAP,60,20250602,180000,0.20407,0.20424,0.20082,0.20155,167115.17
PROMPTUSDTSWAP,60,20250602,190000,0.20159,0.20162,0.1962,0.19891,188180.23
PROMPTUSDTSWAP,60,20250602,200000,0.1989,0.20049,0.1971,0.20013,80012.9
PROMPTUSDTSWAP,60,20250602,210000,0.20016,0.20328,0.19808,0.19833,99210.1
PROMPTUSDTSWAP,60,20250602,220000,0.19833,0.19991,0.19537,0.19716,81921.0
PROMPTUSDTSWAP,60,20250602,230000,0.1972,0.2019,0.19684,0.20019,88779.24
PROMPTUSDTSWAP,60,20250603,000000,0.20016,0.20175,0.1994,0.20156,56539.2
PROMPTUSDTSWAP,60,20250603,010000,0.20152,0.20541,0.2015,0.20344,97835.34
PROMPTUSDTSWAP,60,20250603,020000,0.20346,0.2044,0.19952,0.19998,88291.26
PROMPTUSDTSWAP,60,20250603,030000,0.19995,0.20381,0.19714,0.20173,155924.61
PROMPTUSDTSWAP,60,20250603,040000,0.2018,0.20565,0.20131,0.20308,95977.29
PROMPTUSDTSWAP,60,20250603,050000,0.20309,0.20328,0.19903,0.20259,121826.18
PROMPTUSDTSWAP,60,20250603,060000,0.20262,0.20367,0.19967,0.20057,72341.62
PROMPTUSDTSWAP,60,20250603,070000,0.20058,0.20088,0.19767,0.19933,81147.65
PROMPTUSDTSWAP,60,20250603,080000,0.1993,0.20338,0.19919,0.20315,102780.8
PROMPTUSDTSWAP,60,20250603,090000,0.20311,0.20459,0.20201,0.20352,66174.86
PROMPTUSDTSWAP,60,20250603,100000,0.2035,0.20476,0.20031,0.20046,71586.62
PROMPTUSDTSWAP,60,20250603,110000,0.20046,0.20253,0.19868,0.20232,89009.85
PROMPTUSDTSWAP,60,20250603,120000,0.20229,0.20253,0.19978,0.20171,65844.79
PROMPTUSDTSWAP,60,20250603,130000,0.2017,0.20193,0.19982,0.20052,52001.69
PROMPTUSDTSWAP,60,20250603,140000,0.20053,0.20209,0.20021,0.20182,60039.68
PROMPTUSDTSWAP,60,20250603,150000,0.20182,0.20205,0.19768,0.19979,110752.36
PROMPTUSDTSWAP,60,20250603,160000,0.19984,0.206,0.19961,0.20135,213372.77
PROMPTUSDTSWAP,60,20250603,170000,0.2014,0.2035,0.19985,0.20305,115248.93
PROMPTUSDTSWAP,60,20250603,180000,0.20315,0.20392,0.20074,0.20148,82910.19
PROMPTUSDTSWAP,60,20250603,190000,0.20148,0.20204,0.19781,0.19802,128760.03
PROMPTUSDTSWAP,60,20250603,200000,0.19807,0.2031,0.19792,0.20211,91154.59
PROMPTUSDTSWAP,60,20250603,210000,0.20213,0.20347,0.20066,0.20083,81371.47
PROMPTUSDTSWAP,60,20250603,220000,0.2008,0.20394,0.20044,0.20115,66995.11
PROMPTUSDTSWAP,60,20250603,230000,0.20111,0.20123,0.19266,0.1938,174497.31
PROMPTUSDTSWAP,60,20250604,000000,0.1938,0.19498,0.19074,0.19244,78960.13
PROMPTUSDTSWAP,60,20250604,010000,0.19242,0.19358,0.19106,0.19224,69474.78
PROMPTUSDTSWAP,60,20250604,020000,0.19227,0.19346,0.19113,0.19284,46132.3
PROMPTUSDTSWAP,60,20250604,030000,0.19283,0.19455,0.18909,0.19362,82221.56
PROMPTUSDTSWAP,60,20250604,040000,0.19365,0.19802,0.19296,0.19532,89409.95
PROMPTUSDTSWAP,60,20250604,050000,0.19526,0.1961,0.19267,0.19318,55933.2
PROMPTUSDTSWAP,60,20250604,060000,0.19318,0.19451,0.19201,0.19247,96244.4
PROMPTUSDTSWAP,60,20250604,070000,0.19245,0.19311,0.18881,0.18979,105669.48
PROMPTUSDTSWAP,60,20250604,080000,0.18977,0.19194,0.18816,0.18893,76105.36
PROMPTUSDTSWAP,60,20250604,090000,0.18892,0.19063,0.18733,0.18838,65096.16
PROMPTUSDTSWAP,60,20250604,100000,0.1884,0.18999,0.18759,0.1888,45582.63
PROMPTUSDTSWAP,60,20250604,110000,0.18886,0.18966,0.18794,0.18832,31494.67
PROMPTUSDTSWAP,60,20250604,120000,0.18831,0.18843,0.18474,0.18693,102107.71
PROMPTUSDTSWAP,60,20250604,130000,0.18693,0.18724,0.18413,0.18441,47887.54
PROMPTUSDTSWAP,60,20250604,140000,0.18441,0.18545,0.1827,0.18372,66399.77
PROMPTUSDTSWAP,60,20250604,150000,0.18374,0.18498,0.18281,0.1848,66447.55
PROMPTUSDTSWAP,60,20250604,160000,0.18478,0.18491,0.18109,0.18287,121149.9
PROMPTUSDTSWAP,60,20250604,170000,0.18281,0.18517,0.182,0.18498,66760.38
PROMPTUSDTSWAP,60,20250604,180000,0.18496,0.18666,0.18363,0.1854,90856.61
PROMPTUSDTSWAP,60,20250604,190000,0.18542,0.18645,0.18402,0.18528,59672.42
PROMPTUSDTSWAP,60,20250604,200000,0.1853,0.18542,0.18124,0.18222,62871.18
PROMPTUSDTSWAP,60,20250604,210000,0.18223,0.18346,0.18155,0.18196,26544.17
PROMPTUSDTSWAP,60,20250604,220000,0.1819,0.18264,0.18163,0.18224,9919.73