<TICKER>,<PER>,<DATE>,<TIME>,<OPEN>,<HIGH>,<LOW>,<CLOSE>,<VOL>
PROMPTUSDTSWAP,3,20250604,172700,0.18279,0.18301,0.18267,0.18268,1655.35
PROMPTUSDTSWAP,3,20250604,173000,0.18269,0.18307,0.18252,0.18306,2819.64
PROMPTUSDTSWAP,3,20250604,173300,0.18307,0.18435,0.18307,0.18435,3894.08
PROMPTUSDTSWAP,3,20250604,173600,0.18432,0.18436,0.18278,0.18298,3581.89
PROMPTUSDTSWAP,3,20250604,173900,0.183,0.18393,0.183,0.18381,2477.09
PROMPTUSDTSWAP,3,20250604,174200,0.18379,0.18381,0.18331,0.18381,1529.32
PROMPTUSDTSWAP,3,20250604,174500,0.18378,0.18383,0.1832,0.18376,1532.36
PROMPTUSDTSWAP,3,20250604,174800,0.18378,0.18408,0.18337,0.1835,3076.66
PROMPTUSDTSWAP,3,20250604,175100,0.18348,0.18391,0.1834,0.18379,1256.65
PROMPTUSDTSWAP,3,20250604,175400,0.18385,0.1846,0.1837,0.1845,2971.02
PROMPTUSDTSWAP,3,20250604,175700,0.18449,0.18517,0.18417,0.18498,6083.93
PROMPTUSDTSWAP,3,20250604,180000,0.18496,0.18505,0.18438,0.18438,6376.87
PROMPTUSDTSWAP,3,20250604,180300,0.18444,0.18465,0.18363,0.18381,4784.56
PROMPTUSDTSWAP,3,20250604,180600,0.18376,0.18503,0.18374,0.18431,5885.83
PROMPTUSDTSWAP,3,20250604,180900,0.18427,0.18483,0.18421,0.18465,2037.47
PROMPTUSDTSWAP,3,20250604,181200,0.18462,0.18556,0.18451,0.18501,6914.94
PROMPTUSDTSWAP,3,20250604,181500,0.18502,0.18578,0.18502,0.18576,7163.97
PROMPTUSDTSWAP,3,20250604,181800,0.18572,0.18572,0.18529,0.18529,3182.31
PROMPTUSDTSWAP,3,20250604,182100,0.18531,0.18649,0.18504,0.18619,7353.1
PROMPTUSDTSWAP,3,20250604,182400,0.18621,0.18631,0.18561,0.186,5520.94
PROMPTUSDTSWAP,3,20250604,182700,0.18601,0.18626,0.18525,0.18533,5732.64
PROMPTUSDTSWAP,3,20250604,183000,0.18527,0.18582,0.18456,0.18567,3606.47
PROMPTUSDTSWAP,3,20250604,183300,0.18573,0.18616,0.18543,0.18568,3482.62
PROMPTUSDTSWAP,3,20250604,183600,0.18567,0.18666,0.18565,0.1864,4707.29
PROMPTUSDTSWAP,3,20250604,183900,0.18642,0.18655,0.18606,0.18638,3445.97
PROMPTUSDTSWAP,3,20250604,184200,0.18642,0.1866,0.18588,0.18623,6303.79
PROMPTUSDTSWAP,3,20250604,184500,0.18619,0.18642,0.186,0.18613,1919.06
PROMPTUSDTSWAP,3,20250604,184800,0.18614,0.18636,0.18568,0.18585,1930.83
PROMPTUSDTSWAP,3,20250604,185100,0.18585,0.18617,0.18579,0.18579,2293.39
PROMPTUSDTSWAP,3,20250604,185400,0.18576,0.18584,0.18542,0.18568,6439.93
PROMPTUSDTSWAP,3,20250604,185700,0.18567,0.18567,0.18517,0.1854,1987.04
PROMPTUSDTSWAP,3,20250604,190000,0.18542,0.18565,0.18486,0.18552,5292.81
PROMPTUSDTSWAP,3,20250604,190300,0.18545,0.18571,0.18504,0.18504,4137.76
PROMPTUSDTSWAP,3,20250604,190600,0.18501,0.18528,0.18471,0.1848,4856.88
PROMPTUSDTSWAP,3,20250604,190900,0.18481,0.18545,0.18467,0.1851,2355.4
PROMPTUSDTSWAP,3,20250604,191200,0.18507,0.18515,0.18474,0.18495,1231.09
PROMPTUSDTSWAP,3,20250604,191500,0.18495,0.18529,0.18454,0.18468,6059.15
PROMPTUSDTSWAP,3,20250604,191800,0.18466,0.18474,0.18402,0.18469,4918.42
PROMPTUSDTSWAP,3,20250604,192100,0.18474,0.18495,0.1842,0.18446,5078.32
PROMPTUSDTSWAP,3,20250604,192400,0.18449,0.1845,0.18415,0.1845,2167.94
PROMPTUSDTSWAP,3,20250604,192700,0.18453,0.1847,0.18426,0.18449,1860.99
PROMPTUSDTSWAP,3,20250604,193000,0.18451,0.18498,0.18424,0.18498,3590.56
PROMPTUSDTSWAP,3,20250604,193300,0.1849,0.18504,0.18463,0.18486,1077.04
PROMPTUSDTSWAP,3,20250604,193600,0.18488,0.18549,0.1848,0.18516,4420.11
PROMPTUSDTSWAP,3,20250604,193900,0.18514,0.18572,0.18512,0.18513,2305.73
PROMPTUSDTSWAP,3,20250604,194200,0.18514,0.18526,0.1849,0.18526,547.46
PROMPTUSDTSWAP,3,20250604,194500,0.18528,0.18579,0.18512,0.18554,2016.77
PROMPTUSDTSWAP,3,20250604,194800,0.18553,0.18594,0.18553,0.18586,1690.92
PROMPTUSDTSWAP,3,20250604,195100,0.18585,0.18614,0.18562,0.18598,1811.11
PROMPTUSDTSWAP,3,20250604,195400,0.18598,0.18645,0.18554,0.18579,1945.72
PROMPTUSDTSWAP,3,20250604,195700,0.18581,0.18581,0.18499,0.18528,2189.96
PROMPTUSDTSWAP,3,20250604,200000,0.1853,0.18542,0.18362,0.18368,6646.9
PROMPTUSDTSWAP,3,20250604,200300,0.18376,0.1841,0.18349,0.1836,4456.0
PROMPTUSDTSWAP,3,20250604,200600,0.18357,0.18379,0.18334,0.18359,4029.18
PROMPTUSDTSWAP,3,20250604,200900,0.18357,0.18364,0.18281,0.18308,2494.9
PROMPTUSDTSWAP,3,20250604,201200,0.18306,0.18375,0.18306,0.18345,4842.3
PROMPTUSDTSWAP,3,20250604,201500,0.18342,0.18351,0.18297,0.18315,1847.59
PROMPTUSDTSWAP,3,20250604,201800,0.18319,0.18341,0.1829,0.18319,2099.54
PROMPTUSDTSWAP,3,20250604,202100,0.18321,0.18348,0.18301,0.18308,1506.72
PROMPTUSDTSWAP,3,20250604,202400,0.18306,0.18321,0.18286,0.18298,4532.75
PROMPTUSDTSWAP,3,20250604,202700,0.18303,0.18336,0.18253,0.18264,2465.6
PROMPTUSDTSWAP,3,20250604,203000,0.18263,0.18263,0.18182,0.18204,4344.59
PROMPTUSDTSWAP,3,20250604,203300,0.18207,0.18227,0.18153,0.18171,6548.15
PROMPTUSDTSWAP,3,20250604,203600,0.1817,0.18196,0.18124,0.18196,4037.01
PROMPTUSDTSWAP,3,20250604,203900,0.18192,0.18206,0.18155,0.18187,3529.43
PROMPTUSDTSWAP,3,20250604,204200,0.18186,0.18204,0.1816,0.18202,2430.92
PROMPTUSDTSWAP,3,20250604,204500,0.18204,0.18235,0.18184,0.18198,1824.04
PROMPTUSDTSWAP,3,20250604,204800,0.18195,0.18236,0.18174,0.18179,1400.11
PROMPTUSDTSWAP,3,20250604,205100,0.18181,0.18224,0.18177,0.18209,919.78
PROMPTUSDTSWAP,3,20250604,205400,0.18211,0.18227,0.18202,0.18227,1504.59
PROMPTUSDTSWAP,3,20250604,205700,0.18225,0.18228,0.18203,0.18222,622.57
PROMPTUSDTSWAP,3,20250604,210000,0.18223,0.18325,0.18223,0.18305,2904.75
PROMPTUSDTSWAP,3,20250604,210300,0.18309,0.18346,0.18296,0.18316,1672.34
PROMPTUSDTSWAP,3,20250604,210600,0.18316,0.1832,0.18245,0.18263,1377.18
PROMPTUSDTSWAP,3,20250604,210900,0.18264,0.18317,0.18261,0.183,1201.59
PROMPTUSDTSWAP,3,20250604,211200,0.18302,0.18328,0.18288,0.18316,1367.16
PROMPTUSDTSWAP,3,20250604,211500,0.18314,0.18319,0.18275,0.18276,765.71
PROMPTUSDTSWAP,3,20250604,211800,0.18279,0.18312,0.1826,0.18291,599.55
PROMPTUSDTSWAP,3,20250604,212100,0.18291,0.18327,0.18285,0.18308,1032.71
PROMPTUSDTSWAP,3,20250604,212400,0.18312,0.18326,0.18288,0.18297,458.53
PROMPTUSDTSWAP,3,20250604,212700,0.18296,0.18317,0.18267,0.18276,1343.29
PROMPTUSDTSWAP,3,20250604,213000,0.18276,0.18296,0.18257,0.18278,783.49
PROMPTUSDTSWAP,3,20250604,213300,0.18281,0.18287,0.18218,0.1825,1996.65
PROMPTUSDTSWAP,3,20250604,213600,0.18251,0.18254,0.18227,0.18238,720.0
PROMPTUSDTSWAP,3,20250604,213900,0.18239,0.18241,0.18215,0.1822,557.02
PROMPTUSDTSWAP,3,20250604,214200,0.18217,0.18247,0.18217,0.18236,574.2
PROMPTUSDTSWAP,3,20250604,214500,0.18235,0.18282,0.18201,0.18276,2262.96
PROMPTUSDTSWAP,3,20250604,214800,0.18278,0.18288,0.18213,0.18217,4065.76
PROMPTUSDTSWAP,3,20250604,215100,0.18215,0.18215,0.18175,0.18185,1326.78
PROMPTUSDTSWAP,3,20250604,215400,0.18182,0.18196,0.18155,0.18183,929.46
PROMPTUSDTSWAP,3,20250604,215700,0.18185,0.18206,0.18168,0.18196,665.21
PROMPTUSDTSWAP,3,20250604,220000,0.1819,0.18212,0.18184,0.18201,440.2
PROMPTUSDTSWAP,3,20250604,220300,0.18198,0.18262,0.18195,0.18261,1015.81
PROMPTUSDTSWAP,3,20250604,220600,0.18262,0.18264,0.1822,0.18254,832.93
PROMPTUSDTSWAP,3,20250604,220900,0.18257,0.18263,0.18213,0.1824,906.83
PROMPTUSDTSWAP,3,20250604,221200,0.18241,0.18255,0.18233,0.18238,445.26
PROMPTUSDTSWAP,3,20250604,221500,0.18235,0.18235,0.18163,0.18216,4229.06
PROMPTUSDTSWAP,3,20250604,221800,0.18219,0.18248,0.18205,0.18216,1276.06
PROMPTUSDTSWAP,3,20250604,222100,0.18215,0.18249,0.18212,0.18248,591.44
PROMPTUSDTSWAP,3,20250604,222400,0.18248,0.18248,0.18248,0.18248,0.0