<TICKER>,<PER>,<DATE>,<TIME>,<OPEN>,<HIGH>,<LOW>,<CLOSE>,<VOL>
RDNTUSDTSWAP,3,20250604,172700,0.02416,0.02416,0.02413,0.02414,47.38
RDNTUSDTSWAP,3,20250604,173000,0.02414,0.02416,0.02412,0.02416,67.86
RDNTUSDTSWAP,3,20250604,173300,0.02417,0.02421,0.02416,0.02416,65.04
RDNTUSDTSWAP,3,20250604,173600,0.02415,0.02415,0.02411,0.02411,6.69
RDNTUSDTSWAP,3,20250604,173900,0.0241,0.02416,0.0241,0.02416,17.95
RDNTUSDTSWAP,3,20250604,174200,0.02416,0.02417,0.02414,0.02417,76.64
RDNTUSDTSWAP,3,20250604,174500,0.02416,0.02419,0.02416,0.02419,17.71
RDNTUSDTSWAP,3,20250604,174800,0.0242,0.02424,0.0242,0.02422,133.17
RDNTUSDTSWAP,3,20250604,175100,0.02421,0.02422,0.02421,0.02422,52.51
RDNTUSDTSWAP,3,20250604,175400,0.02424,0.02431,0.02424,0.02431,19.3
RDNTUSDTSWAP,3,20250604,175700,0.02432,0.02437,0.02431,0.02437,427.67
RDNTUSDTSWAP,3,20250604,180000,0.02437,0.0244,0.02435,0.02436,692.16
RDNTUSDTSWAP,3,20250604,180300,0.02436,0.02438,0.02435,0.02437,316.36
RDNTUSDTSWAP,3,20250604,180600,0.02438,0.02449,0.02438,0.02441,900.11
RDNTUSDTSWAP,3,20250604,180900,0.0244,0.02445,0.0244,0.02445,105.87
RDNTUSDTSWAP,3,20250604,181200,0.02443,0.02447,0.02443,0.02445,32.83
RDNTUSDTSWAP,3,20250604,181500,0.02445,0.02456,0.02444,0.02454,170.78
RDNTUSDTSWAP,3,20250604,181800,0.02454,0.02456,0.0245,0.0245,427.78
RDNTUSDTSWAP,3,20250604,182100,0.02451,0.02456,0.0245,0.02455,76.74
RDNTUSDTSWAP,3,20250604,182400,0.02455,0.02456,0.02454,0.02455,35.84
RDNTUSDTSWAP,3,20250604,182700,0.02456,0.02457,0.02454,0.02454,97.7
RDNTUSDTSWAP,3,20250604,183000,0.02452,0.02452,0.02449,0.02452,34.5
RDNTUSDTSWAP,3,20250604,183300,0.02455,0.02458,0.02453,0.02453,71.76
RDNTUSDTSWAP,3,20250604,183600,0.02454,0.02466,0.02454,0.02465,539.63
RDNTUSDTSWAP,3,20250604,183900,0.02463,0.02468,0.02461,0.02465,159.87
RDNTUSDTSWAP,3,20250604,184200,0.02467,0.02469,0.02464,0.02466,80.28
RDNTUSDTSWAP,3,20250604,184500,0.02466,0.02468,0.02462,0.02462,183.5
RDNTUSDTSWAP,3,20250604,184800,0.02462,0.02462,0.0246,0.02461,33.24
RDNTUSDTSWAP,3,20250604,185100,0.02461,0.02467,0.02461,0.02467,30.71
RDNTUSDTSWAP,3,20250604,185400,0.02463,0.02469,0.02462,0.02469,65.84
RDNTUSDTSWAP,3,20250604,185700,0.02468,0.02468,0.02463,0.02464,346.95
RDNTUSDTSWAP,3,20250604,190000,0.02464,0.02468,0.02464,0.02466,93.14
RDNTUSDTSWAP,3,20250604,190300,0.02466,0.02467,0.02465,0.02465,354.88
RDNTUSDTSWAP,3,20250604,190600,0.02462,0.02463,0.02457,0.02457,253.56
RDNTUSDTSWAP,3,20250604,190900,0.02457,0.02462,0.02457,0.02462,36.83
RDNTUSDTSWAP,3,20250604,191200,0.02464,0.02464,0.02461,0.02462,50.12
RDNTUSDTSWAP,3,20250604,191500,0.02461,0.02462,0.02458,0.02458,100.93
RDNTUSDTSWAP,3,20250604,191800,0.02458,0.0246,0.02453,0.0246,167.0
RDNTUSDTSWAP,3,20250604,192100,0.0246,0.02462,0.02458,0.02458,61.16
RDNTUSDTSWAP,3,20250604,192400,0.02457,0.02457,0.02453,0.02453,66.71
RDNTUSDTSWAP,3,20250604,192700,0.02454,0.02458,0.02453,0.02455,26.63
RDNTUSDTSWAP,3,20250604,193000,0.02454,0.02456,0.02453,0.02455,23.12
RDNTUSDTSWAP,3,20250604,193300,0.02456,0.02458,0.02456,0.02456,63.95
RDNTUSDTSWAP,3,20250604,193600,0.02457,0.02458,0.02454,0.02454,31.62
RDNTUSDTSWAP,3,20250604,193900,0.02457,0.0246,0.02457,0.02458,36.98
RDNTUSDTSWAP,3,20250604,194200,0.02457,0.02457,0.02453,0.02453,75.95
RDNTUSDTSWAP,3,20250604,194500,0.02452,0.02454,0.02451,0.02453,35.06
RDNTUSDTSWAP,3,20250604,194800,0.02453,0.02458,0.02451,0.02458,8.81
RDNTUSDTSWAP,3,20250604,195100,0.02456,0.02458,0.02456,0.02458,2.9
RDNTUSDTSWAP,3,20250604,195400,0.02458,0.02461,0.02458,0.0246,50.63
RDNTUSDTSWAP,3,20250604,195700,0.02458,0.02458,0.02456,0.02458,21.8
RDNTUSDTSWAP,3,20250604,200000,0.02459,0.0246,0.02452,0.02454,315.44
RDNTUSDTSWAP,3,20250604,200300,0.02454,0.02455,0.02451,0.02453,79.66
RDNTUSDTSWAP,3,20250604,200600,0.02453,0.02453,0.02451,0.02452,141.27
RDNTUSDTSWAP,3,20250604,200900,0.02452,0.02452,0.02447,0.02447,23.12
RDNTUSDTSWAP,3,20250604,201200,0.02447,0.02449,0.02447,0.02449,20.26
RDNTUSDTSWAP,3,20250604,201500,0.02445,0.02445,0.02439,0.02439,29.14
RDNTUSDTSWAP,3,20250604,201800,0.0244,0.02442,0.0244,0.02441,25.25
RDNTUSDTSWAP,3,20250604,202100,0.02441,0.02443,0.02439,0.02439,55.14
RDNTUSDTSWAP,3,20250604,202400,0.02441,0.02442,0.02436,0.02438,313.3
RDNTUSDTSWAP,3,20250604,202700,0.02437,0.0244,0.02432,0.02434,75.62
RDNTUSDTSWAP,3,20250604,203000,0.02431,0.02431,0.02423,0.02424,154.64
RDNTUSDTSWAP,3,20250604,203300,0.02425,0.02427,0.0242,0.02424,322.91
RDNTUSDTSWAP,3,20250604,203600,0.02422,0.02422,0.02417,0.0242,174.0
RDNTUSDTSWAP,3,20250604,203900,0.02419,0.02424,0.02419,0.02423,22.38
RDNTUSDTSWAP,3,20250604,204200,0.02423,0.02424,0.0242,0.02422,129.07
RDNTUSDTSWAP,3,20250604,204500,0.02421,0.02424,0.02418,0.02419,123.28
RDNTUSDTSWAP,3,20250604,204800,0.02418,0.02423,0.02416,0.0242,26.43
RDNTUSDTSWAP,3,20250604,205100,0.02419,0.02421,0.02419,0.02421,22.74
RDNTUSDTSWAP,3,20250604,205400,0.02422,0.02426,0.02422,0.02425,84.43
RDNTUSDTSWAP,3,20250604,205700,0.02425,0.02425,0.02423,0.02425,62.2
RDNTUSDTSWAP,3,20250604,210000,0.02425,0.02431,0.02425,0.0243,154.42
RDNTUSDTSWAP,3,20250604,210300,0.02431,0.02436,0.02431,0.02436,178.48
RDNTUSDTSWAP,3,20250604,210600,0.02436,0.02437,0.02427,0.02427,338.63
RDNTUSDTSWAP,3,20250604,210900,0.02429,0.02435,0.02428,0.02435,139.64
RDNTUSDTSWAP,3,20250604,211200,0.02436,0.02436,0.02434,0.02435,14.2
RDNTUSDTSWAP,3,20250604,211500,0.02435,0.02436,0.02434,0.02434,43.42
RDNTUSDTSWAP,3,20250604,211800,0.02435,0.02437,0.02433,0.02436,11.42
RDNTUSDTSWAP,3,20250604,212100,0.02436,0.02436,0.02435,0.02436,49.67
RDNTUSDTSWAP,3,20250604,212400,0.02437,0.02439,0.02436,0.02439,32.22
RDNTUSDTSWAP,3,20250604,212700,0.0244,0.02441,0.02439,0.02439,62.05
RDNTUSDTSWAP,3,20250604,213000,0.02439,0.0244,0.02436,0.02438,20.66
RDNTUSDTSWAP,3,20250604,213300,0.02437,0.02437,0.02434,0.02434,32.63
RDNTUSDTSWAP,3,20250604,213600,0.02434,0.02434,0.02434,0.02434,28.38
RDNTUSDTSWAP,3,20250604,213900,0.02433,0.02433,0.02431,0.02431,51.77
RDNTUSDTSWAP,3,20250604,214200,0.0243,0.02434,0.0243,0.02432,196.88
RDNTUSDTSWAP,3,20250604,214500,0.02434,0.02434,0.0243,0.02431,33.15
RDNTUSDTSWAP,3,20250604,214800,0.02431,0.02431,0.02422,0.02422,363.29
RDNTUSDTSWAP,3,20250604,215100,0.02425,0.02425,0.02422,0.02423,238.38
RDNTUSDTSWAP,3,20250604,215400,0.02422,0.02422,0.02416,0.02418,79.85
RDNTUSDTSWAP,3,20250604,215700,0.02418,0.02419,0.02417,0.02417,59.19
RDNTUSDTSWAP,3,20250604,220000,0.02417,0.02417,0.02414,0.02417,408.13
RDNTUSDTSWAP,3,20250604,220300,0.02415,0.02419,0.02414,0.02419,235.97
RDNTUSDTSWAP,3,20250604,220600,0.02422,0.02423,0.02419,0.02419,302.24
RDNTUSDTSWAP,3,20250604,220900,0.0242,0.0242,0.02415,0.02418,34.24
RDNTUSDTSWAP,3,20250604,221200,0.02419,0.02421,0.02419,0.0242,53.02
RDNTUSDTSWAP,3,20250604,221500,0.02419,0.02419,0.02411,0.02413,131.25
RDNTUSDTSWAP,3,20250604,221800,0.02415,0.0242,0.02415,0.0242,34.99
RDNTUSDTSWAP,3,20250604,222100,0.02418,0.02422,0.02418,0.0242,28.85
RDNTUSDTSWAP,3,20250604,222400,0.02419,0.02419,0.02417,0.02417,5.88