<TICKER>,<PER>,<DATE>,<TIME>,<OPEN>,<HIGH>,<LOW>,<CLOSE>,<VOL>
RVNUSDTSWAP,60,20250531,190000,0.01068,0.01086,0.01066,0.01081,3536.68
RVNUSDTSWAP,60,20250531,200000,0.01081,0.01083,0.01071,0.01071,875.64
RVNUSDTSWAP,60,20250531,210000,0.01072,0.01082,0.01071,0.0108,531.71
RVNUSDTSWAP,60,20250531,220000,0.01081,0.01086,0.01079,0.01081,1603.05
RVNUSDTSWAP,60,20250531,230000,0.01081,0.01084,0.01077,0.01083,365.24
RVNUSDTSWAP,60,20250601,000000,0.01084,0.01114,0.01084,0.01102,13934.47
RVNUSDTSWAP,60,20250601,010000,0.01101,0.01102,0.01085,0.01085,4490.29
RVNUSDTSWAP,60,20250601,020000,0.01086,0.01088,0.01074,0.01075,3866.96
RVNUSDTSWAP,60,20250601,030000,0.01075,0.01078,0.01068,0.01072,2470.91
RVNUSDTSWAP,60,20250601,040000,0.01071,0.01076,0.01064,0.01066,3045.22
RVNUSDTSWAP,60,20250601,050000,0.01066,0.01076,0.01061,0.01073,1876.37
RVNUSDTSWAP,60,20250601,060000,0.01073,0.01075,0.01064,0.01071,1995.5
RVNUSDTSWAP,60,20250601,070000,0.0107,0.01083,0.01067,0.01082,2734.25
RVNUSDTSWAP,60,20250601,080000,0.01082,0.01086,0.0108,0.01084,1505.85
RVNUSDTSWAP,60,20250601,090000,0.01082,0.01086,0.01078,0.01083,1507.88
RVNUSDTSWAP,60,20250601,100000,0.01082,0.01083,0.01077,0.01079,1330.75
RVNUSDTSWAP,60,20250601,110000,0.01079,0.0108,0.01071,0.01072,2008.13
RVNUSDTSWAP,60,20250601,120000,0.01073,0.01075,0.01034,0.01042,18637.4
RVNUSDTSWAP,60,20250601,130000,0.01042,0.01049,0.01038,0.01047,6973.19
RVNUSDTSWAP,60,20250601,140000,0.01046,0.01057,0.01044,0.01052,3826.28
RVNUSDTSWAP,60,20250601,150000,0.01053,0.01055,0.0104,0.01045,4413.0
RVNUSDTSWAP,60,20250601,160000,0.01046,0.01062,0.01045,0.01057,3725.06
RVNUSDTSWAP,60,20250601,170000,0.01057,0.01073,0.01056,0.01068,3054.42
RVNUSDTSWAP,60,20250601,180000,0.01069,0.01073,0.01066,0.0107,2632.82
RVNUSDTSWAP,60,20250601,190000,0.01069,0.01083,0.01068,0.01079,5234.73
RVNUSDTSWAP,60,20250601,200000,0.0108,0.01082,0.01077,0.01078,2742.48
RVNUSDTSWAP,60,20250601,210000,0.01078,0.01078,0.01062,0.0107,2032.19
RVNUSDTSWAP,60,20250601,220000,0.0107,0.01078,0.01068,0.01076,2489.24
RVNUSDTSWAP,60,20250601,230000,0.01077,0.01086,0.01075,0.01081,933.87
RVNUSDTSWAP,60,20250602,000000,0.01082,0.01094,0.01081,0.01089,2968.24
RVNUSDTSWAP,60,20250602,010000,0.0109,0.01099,0.0109,0.01096,2825.48
RVNUSDTSWAP,60,20250602,020000,0.01097,0.01102,0.01097,0.01099,1120.15
RVNUSDTSWAP,60,20250602,030000,0.01099,0.01102,0.01096,0.01097,1126.47
RVNUSDTSWAP,60,20250602,040000,0.01098,0.01105,0.01095,0.01095,2223.01
RVNUSDTSWAP,60,20250602,050000,0.01095,0.01096,0.01082,0.01085,2743.88
RVNUSDTSWAP,60,20250602,060000,0.01085,0.01086,0.01076,0.0108,2327.18
RVNUSDTSWAP,60,20250602,070000,0.0108,0.01084,0.01078,0.01079,1623.68
RVNUSDTSWAP,60,20250602,080000,0.0108,0.01085,0.0107,0.01077,3346.88
RVNUSDTSWAP,60,20250602,090000,0.01078,0.01093,0.01075,0.01088,1959.06
RVNUSDTSWAP,60,20250602,100000,0.01089,0.01102,0.01088,0.01093,3161.31
RVNUSDTSWAP,60,20250602,110000,0.01095,0.01101,0.01087,0.0109,4352.36
RVNUSDTSWAP,60,20250602,120000,0.0109,0.0109,0.01075,0.01078,4688.66
RVNUSDTSWAP,60,20250602,130000,0.01078,0.01083,0.01074,0.01078,2140.32
RVNUSDTSWAP,60,20250602,140000,0.01077,0.01082,0.01073,0.01081,3671.79
RVNUSDTSWAP,60,20250602,150000,0.0108,0.01089,0.01075,0.01089,2223.9
RVNUSDTSWAP,60,20250602,160000,0.01089,0.01098,0.01081,0.01081,2994.18
RVNUSDTSWAP,60,20250602,170000,0.0108,0.01102,0.01079,0.0109,4891.35
RVNUSDTSWAP,60,20250602,180000,0.01091,0.011,0.01085,0.01092,2537.45
RVNUSDTSWAP,60,20250602,190000,0.01092,0.01093,0.01085,0.01091,2004.16
RVNUSDTSWAP,60,20250602,200000,0.0109,0.01093,0.01081,0.01091,5274.95
RVNUSDTSWAP,60,20250602,210000,0.01091,0.01097,0.01085,0.01087,1663.69
RVNUSDTSWAP,60,20250602,220000,0.01086,0.0109,0.01073,0.01078,2505.08
RVNUSDTSWAP,60,20250602,230000,0.01079,0.01095,0.01079,0.01094,3783.09
RVNUSDTSWAP,60,20250603,000000,0.01095,0.01109,0.01094,0.01109,1419.9
RVNUSDTSWAP,60,20250603,010000,0.0111,0.01118,0.0111,0.01115,3174.77
RVNUSDTSWAP,60,20250603,020000,0.01115,0.01119,0.01113,0.01113,1088.41
RVNUSDTSWAP,60,20250603,030000,0.01115,0.01126,0.01114,0.01124,1877.05
RVNUSDTSWAP,60,20250603,040000,0.01125,0.01139,0.01124,0.01138,2223.21
RVNUSDTSWAP,60,20250603,050000,0.01138,0.0114,0.01129,0.01131,1864.04
RVNUSDTSWAP,60,20250603,060000,0.01131,0.01132,0.01121,0.01123,1921.91
RVNUSDTSWAP,60,20250603,070000,0.01123,0.01124,0.01117,0.01118,710.9
RVNUSDTSWAP,60,20250603,080000,0.01119,0.01132,0.01119,0.01132,2902.97
RVNUSDTSWAP,60,20250603,090000,0.01132,0.01132,0.01126,0.0113,1942.21
RVNUSDTSWAP,60,20250603,100000,0.01131,0.01133,0.01128,0.0113,1674.58
RVNUSDTSWAP,60,20250603,110000,0.01131,0.01132,0.01116,0.01122,2611.91
RVNUSDTSWAP,60,20250603,120000,0.01122,0.01127,0.01119,0.01126,1386.86
RVNUSDTSWAP,60,20250603,130000,0.01127,0.01127,0.01121,0.01124,2089.48
RVNUSDTSWAP,60,20250603,140000,0.01123,0.01125,0.01119,0.01121,1849.29
RVNUSDTSWAP,60,20250603,150000,0.01122,0.01123,0.01118,0.0112,3749.99
RVNUSDTSWAP,60,20250603,160000,0.01121,0.01138,0.01121,0.01136,7410.49
RVNUSDTSWAP,60,20250603,170000,0.01136,0.01139,0.01125,0.01139,3413.62
RVNUSDTSWAP,60,20250603,180000,0.0114,0.0114,0.01127,0.01128,2788.78
RVNUSDTSWAP,60,20250603,190000,0.01128,0.01132,0.01124,0.01124,1347.19
RVNUSDTSWAP,60,20250603,200000,0.01124,0.01135,0.01123,0.01132,1773.44
RVNUSDTSWAP,60,20250603,210000,0.01132,0.01132,0.01124,0.01126,1245.9
RVNUSDTSWAP,60,20250603,220000,0.01126,0.01135,0.01126,0.01131,2311.95
RVNUSDTSWAP,60,20250603,230000,0.01131,0.01131,0.01114,0.01123,2160.35
RVNUSDTSWAP,60,20250604,000000,0.01123,0.01123,0.01101,0.01109,5587.14
RVNUSDTSWAP,60,20250604,010000,0.01108,0.0112,0.01104,0.01118,4466.69
RVNUSDTSWAP,60,20250604,020000,0.01118,0.0112,0.01107,0.01109,4829.48
RVNUSDTSWAP,60,20250604,030000,0.0111,0.01117,0.01104,0.01116,3397.19
RVNUSDTSWAP,60,20250604,040000,0.01116,0.01125,0.01115,0.0112,3462.54
RVNUSDTSWAP,60,20250604,050000,0.01119,0.01124,0.01118,0.01119,4486.52
RVNUSDTSWAP,60,20250604,060000,0.01119,0.0113,0.01119,0.01123,3127.95
RVNUSDTSWAP,60,20250604,070000,0.01122,0.01126,0.01122,0.01123,1966.41
RVNUSDTSWAP,60,20250604,080000,0.01123,0.01125,0.01116,0.01117,2286.1
RVNUSDTSWAP,60,20250604,090000,0.01117,0.01124,0.01113,0.01123,1975.97
RVNUSDTSWAP,60,20250604,100000,0.01123,0.01123,0.01111,0.01119,2870.48
RVNUSDTSWAP,60,20250604,110000,0.01119,0.01127,0.01118,0.01124,2060.35
RVNUSDTSWAP,60,20250604,120000,0.01124,0.01126,0.01114,0.01123,2744.81
RVNUSDTSWAP,60,20250604,130000,0.01123,0.01124,0.01112,0.01112,4113.35
RVNUSDTSWAP,60,20250604,140000,0.01112,0.01112,0.01103,0.01106,3129.12
RVNUSDTSWAP,60,20250604,150000,0.01106,0.0111,0.01098,0.01101,2106.89
RVNUSDTSWAP,60,20250604,160000,0.01101,0.01109,0.01099,0.01101,2089.97
RVNUSDTSWAP,60,20250604,170000,0.01101,0.01106,0.01092,0.01106,1890.36
RVNUSDTSWAP,60,20250604,180000,0.01105,0.01116,0.01104,0.01115,2414.98
RVNUSDTSWAP,60,20250604,190000,0.01115,0.01115,0.01105,0.01109,1534.85
RVNUSDTSWAP,60,20250604,200000,0.01109,0.01109,0.01094,0.01099,1881.55
RVNUSDTSWAP,60,20250604,210000,0.01099,0.01102,0.01095,0.01096,1411.13
RVNUSDTSWAP,60,20250604,220000,0.01096,0.01098,0.01092,0.01095,447.65