<TICKER>,<PER>,<DATE>,<TIME>,<OPEN>,<HIGH>,<LOW>,<CLOSE>,<VOL>
SLPUSDTSWAP,60,20250531,190000,0.001438,0.00146,0.001436,0.001451,884.04
SLPUSDTSWAP,60,20250531,200000,0.001451,0.001451,0.001426,0.001432,1305.33
SLPUSDTSWAP,60,20250531,210000,0.001431,0.001446,0.001431,0.001444,760.14
SLPUSDTSWAP,60,20250531,220000,0.001443,0.00145,0.001441,0.001445,720.86
SLPUSDTSWAP,60,20250531,230000,0.001445,0.001452,0.00144,0.001451,598.53
SLPUSDTSWAP,60,20250601,000000,0.001451,0.001458,0.001446,0.001453,1065.67
SLPUSDTSWAP,60,20250601,010000,0.001452,0.001452,0.00144,0.001441,405.77
SLPUSDTSWAP,60,20250601,020000,0.00144,0.001451,0.001436,0.00144,873.72
SLPUSDTSWAP,60,20250601,030000,0.00144,0.001447,0.001435,0.001444,299.46
SLPUSDTSWAP,60,20250601,040000,0.001444,0.001446,0.001428,0.001436,1111.84
SLPUSDTSWAP,60,20250601,050000,0.001434,0.001445,0.001421,0.001443,1380.77
SLPUSDTSWAP,60,20250601,060000,0.001443,0.00145,0.001427,0.001443,1897.5
SLPUSDTSWAP,60,20250601,070000,0.001442,0.001461,0.00144,0.001458,1010.95
SLPUSDTSWAP,60,20250601,080000,0.001457,0.001473,0.001457,0.001461,1656.16
SLPUSDTSWAP,60,20250601,090000,0.00146,0.001464,0.001452,0.001462,801.43
SLPUSDTSWAP,60,20250601,100000,0.001462,0.001472,0.001446,0.001456,1333.55
SLPUSDTSWAP,60,20250601,110000,0.001457,0.001459,0.001446,0.001451,778.32
SLPUSDTSWAP,60,20250601,120000,0.001451,0.001461,0.001432,0.001441,2380.81
SLPUSDTSWAP,60,20250601,130000,0.001442,0.001449,0.00144,0.001449,1200.28
SLPUSDTSWAP,60,20250601,140000,0.001449,0.001468,0.001448,0.00146,1413.34
SLPUSDTSWAP,60,20250601,150000,0.001459,0.001463,0.001436,0.001441,1298.48
SLPUSDTSWAP,60,20250601,160000,0.001441,0.001453,0.001436,0.001445,1022.51
SLPUSDTSWAP,60,20250601,170000,0.001445,0.001464,0.001445,0.001455,1141.77
SLPUSDTSWAP,60,20250601,180000,0.001455,0.001474,0.001451,0.001468,1088.47
SLPUSDTSWAP,60,20250601,190000,0.001469,0.001499,0.001465,0.001479,2372.08
SLPUSDTSWAP,60,20250601,200000,0.001479,0.001484,0.001464,0.001467,1720.46
SLPUSDTSWAP,60,20250601,210000,0.001467,0.001467,0.001426,0.00144,3230.1
SLPUSDTSWAP,60,20250601,220000,0.001439,0.001468,0.001438,0.001465,1170.29
SLPUSDTSWAP,60,20250601,230000,0.001465,0.001467,0.001456,0.001458,730.23
SLPUSDTSWAP,60,20250602,000000,0.001457,0.001465,0.001457,0.00146,513.75
SLPUSDTSWAP,60,20250602,010000,0.001459,0.001479,0.001459,0.001464,1201.43
SLPUSDTSWAP,60,20250602,020000,0.001465,0.001477,0.001465,0.001472,1146.01
SLPUSDTSWAP,60,20250602,030000,0.001471,0.001476,0.001467,0.001474,601.08
SLPUSDTSWAP,60,20250602,040000,0.001473,0.001481,0.001462,0.001465,670.06
SLPUSDTSWAP,60,20250602,050000,0.001465,0.001466,0.001455,0.001458,539.58
SLPUSDTSWAP,60,20250602,060000,0.001459,0.001459,0.001447,0.001455,571.84
SLPUSDTSWAP,60,20250602,070000,0.001455,0.001462,0.001451,0.001454,421.17
SLPUSDTSWAP,60,20250602,080000,0.001455,0.00146,0.001448,0.001456,600.78
SLPUSDTSWAP,60,20250602,090000,0.001457,0.001471,0.001448,0.001466,1308.7
SLPUSDTSWAP,60,20250602,100000,0.001465,0.001479,0.001464,0.001476,911.14
SLPUSDTSWAP,60,20250602,110000,0.001475,0.001481,0.001463,0.001467,1075.71
SLPUSDTSWAP,60,20250602,120000,0.001468,0.001468,0.001444,0.001452,1096.72
SLPUSDTSWAP,60,20250602,130000,0.001451,0.001453,0.001439,0.001443,825.85
SLPUSDTSWAP,60,20250602,140000,0.001443,0.00145,0.001435,0.00144,753.21
SLPUSDTSWAP,60,20250602,150000,0.00144,0.001462,0.001438,0.001462,883.44
SLPUSDTSWAP,60,20250602,160000,0.001461,0.001467,0.001448,0.001463,1169.47
SLPUSDTSWAP,60,20250602,170000,0.001463,0.001483,0.001459,0.00147,1319.94
SLPUSDTSWAP,60,20250602,180000,0.00147,0.00148,0.001463,0.001475,718.59
SLPUSDTSWAP,60,20250602,190000,0.001476,0.001477,0.001459,0.001469,939.67
SLPUSDTSWAP,60,20250602,200000,0.00147,0.001471,0.001459,0.001467,181.27
SLPUSDTSWAP,60,20250602,210000,0.001467,0.00148,0.001462,0.00147,538.82
SLPUSDTSWAP,60,20250602,220000,0.00147,0.00147,0.001448,0.001455,755.74
SLPUSDTSWAP,60,20250602,230000,0.001456,0.001479,0.001456,0.001479,494.37
SLPUSDTSWAP,60,20250603,000000,0.001479,0.001494,0.001476,0.00149,970.98
SLPUSDTSWAP,60,20250603,010000,0.001492,0.001504,0.001492,0.001499,2004.89
SLPUSDTSWAP,60,20250603,020000,0.0015,0.001501,0.001491,0.001495,1675.27
SLPUSDTSWAP,60,20250603,030000,0.001496,0.001508,0.001493,0.001506,1782.39
SLPUSDTSWAP,60,20250603,040000,0.001507,0.001523,0.001504,0.001519,1125.03
SLPUSDTSWAP,60,20250603,050000,0.00152,0.001524,0.001491,0.001499,1920.03
SLPUSDTSWAP,60,20250603,060000,0.001499,0.001501,0.001489,0.00149,921.81
SLPUSDTSWAP,60,20250603,070000,0.001492,0.001493,0.001484,0.001486,493.2
SLPUSDTSWAP,60,20250603,080000,0.001486,0.001509,0.001482,0.001508,1336.38
SLPUSDTSWAP,60,20250603,090000,0.001507,0.001515,0.001504,0.001515,729.6
SLPUSDTSWAP,60,20250603,100000,0.001515,0.001518,0.0015,0.001501,484.12
SLPUSDTSWAP,60,20250603,110000,0.001503,0.001507,0.001481,0.00149,668.1
SLPUSDTSWAP,60,20250603,120000,0.00149,0.001505,0.001488,0.0015,1108.36
SLPUSDTSWAP,60,20250603,130000,0.001501,0.001508,0.001499,0.001504,591.02
SLPUSDTSWAP,60,20250603,140000,0.001505,0.00151,0.001498,0.001501,607.35
SLPUSDTSWAP,60,20250603,150000,0.001501,0.001508,0.001496,0.001508,1117.99
SLPUSDTSWAP,60,20250603,160000,0.001508,0.001518,0.001498,0.001512,1029.12
SLPUSDTSWAP,60,20250603,170000,0.001513,0.001529,0.0015,0.001528,548.09
SLPUSDTSWAP,60,20250603,180000,0.001528,0.00153,0.001511,0.001513,733.44
SLPUSDTSWAP,60,20250603,190000,0.001514,0.001518,0.001495,0.001498,1113.5
SLPUSDTSWAP,60,20250603,200000,0.001498,0.001521,0.001495,0.001511,870.18
SLPUSDTSWAP,60,20250603,210000,0.001511,0.001511,0.0015,0.001504,356.09
SLPUSDTSWAP,60,20250603,220000,0.001504,0.00151,0.001501,0.001507,570.26
SLPUSDTSWAP,60,20250603,230000,0.001507,0.001507,0.001478,0.001489,493.59
SLPUSDTSWAP,60,20250604,000000,0.001488,0.001493,0.001466,0.001473,760.75
SLPUSDTSWAP,60,20250604,010000,0.001473,0.001493,0.001472,0.001479,1379.35
SLPUSDTSWAP,60,20250604,020000,0.001479,0.00149,0.001478,0.001483,661.05
SLPUSDTSWAP,60,20250604,030000,0.001483,0.001493,0.001479,0.001492,1286.69
SLPUSDTSWAP,60,20250604,040000,0.001493,0.001506,0.001493,0.001499,820.73
SLPUSDTSWAP,60,20250604,050000,0.001499,0.001506,0.001489,0.00149,934.2
SLPUSDTSWAP,60,20250604,060000,0.00149,0.001509,0.001488,0.001504,1260.82
SLPUSDTSWAP,60,20250604,070000,0.001504,0.001513,0.001495,0.001506,2138.09
SLPUSDTSWAP,60,20250604,080000,0.001506,0.001517,0.001503,0.001503,794.07
SLPUSDTSWAP,60,20250604,090000,0.001504,0.001508,0.001487,0.001501,2055.68
SLPUSDTSWAP,60,20250604,100000,0.001501,0.001504,0.001494,0.001498,429.11
SLPUSDTSWAP,60,20250604,110000,0.0015,0.001511,0.001498,0.0015,516.36
SLPUSDTSWAP,60,20250604,120000,0.001502,0.001504,0.001481,0.001494,1418.57
SLPUSDTSWAP,60,20250604,130000,0.001494,0.001499,0.001481,0.001487,718.39
SLPUSDTSWAP,60,20250604,140000,0.001484,0.001489,0.001473,0.001474,686.15
SLPUSDTSWAP,60,20250604,150000,0.001475,0.00148,0.001454,0.001456,938.5
SLPUSDTSWAP,60,20250604,160000,0.001455,0.001468,0.001454,0.001461,1161.78
SLPUSDTSWAP,60,20250604,170000,0.001461,0.001472,0.001454,0.001471,1804.75
SLPUSDTSWAP,60,20250604,180000,0.001473,0.001488,0.001471,0.001482,1776.03
SLPUSDTSWAP,60,20250604,190000,0.001483,0.001483,0.001472,0.001476,753.11
SLPUSDTSWAP,60,20250604,200000,0.001476,0.001476,0.001447,0.001451,1413.18
SLPUSDTSWAP,60,20250604,210000,0.001452,0.001461,0.001452,0.001453,688.17
SLPUSDTSWAP,60,20250604,220000,0.001453,0.001454,0.001444,0.001451,415.12