<TICKER>,<PER>,<DATE>,<TIME>,<OPEN>,<HIGH>,<LOW>,<CLOSE>,<VOL>
SOLVUSDTSWAP,60,20250531,190000,0.042069,0.045997,0.041613,0.043392,46357.14
SOLVUSDTSWAP,60,20250531,200000,0.043384,0.043838,0.042524,0.042758,12666.61
SOLVUSDTSWAP,60,20250531,210000,0.042772,0.043283,0.041872,0.04215,8196.91
SOLVUSDTSWAP,60,20250531,220000,0.042185,0.042458,0.041254,0.041526,9019.74
SOLVUSDTSWAP,60,20250531,230000,0.041527,0.041865,0.041179,0.041473,5534.3
SOLVUSDTSWAP,60,20250601,000000,0.04145,0.04183,0.040742,0.040965,5755.08
SOLVUSDTSWAP,60,20250601,010000,0.040953,0.044188,0.040487,0.042212,18330.11
SOLVUSDTSWAP,60,20250601,020000,0.042216,0.042885,0.03801,0.041292,44397.81
SOLVUSDTSWAP,60,20250601,030000,0.041313,0.043591,0.040634,0.042947,32816.32
SOLVUSDTSWAP,60,20250601,040000,0.042946,0.043581,0.042255,0.043293,20610.52
SOLVUSDTSWAP,60,20250601,050000,0.043267,0.043526,0.042718,0.043079,19007.84
SOLVUSDTSWAP,60,20250601,060000,0.043089,0.043475,0.042955,0.0431,10958.39
SOLVUSDTSWAP,60,20250601,070000,0.043107,0.0469,0.043068,0.045358,58233.5
SOLVUSDTSWAP,60,20250601,080000,0.045318,0.046703,0.045006,0.046147,22610.69
SOLVUSDTSWAP,60,20250601,090000,0.046145,0.046502,0.045558,0.04575,16705.55
SOLVUSDTSWAP,60,20250601,100000,0.045725,0.046207,0.045198,0.045802,10665.17
SOLVUSDTSWAP,60,20250601,110000,0.045826,0.04594,0.04483,0.045118,16339.72
SOLVUSDTSWAP,60,20250601,120000,0.045124,0.045244,0.044683,0.044982,10062.47
SOLVUSDTSWAP,60,20250601,130000,0.044977,0.045668,0.044928,0.0452,9854.69
SOLVUSDTSWAP,60,20250601,140000,0.045201,0.045273,0.044817,0.044979,5205.3
SOLVUSDTSWAP,60,20250601,150000,0.044975,0.045006,0.044329,0.044569,9335.82
SOLVUSDTSWAP,60,20250601,160000,0.04456,0.045183,0.044252,0.044592,8554.54
SOLVUSDTSWAP,60,20250601,170000,0.044585,0.045797,0.044465,0.045385,8837.01
SOLVUSDTSWAP,60,20250601,180000,0.045373,0.04564,0.044901,0.045125,5642.22
SOLVUSDTSWAP,60,20250601,190000,0.045118,0.045337,0.04454,0.044598,7281.82
SOLVUSDTSWAP,60,20250601,200000,0.0446,0.045488,0.0446,0.044951,4307.91
SOLVUSDTSWAP,60,20250601,210000,0.044943,0.044944,0.044473,0.044806,3786.72
SOLVUSDTSWAP,60,20250601,220000,0.044792,0.044934,0.044373,0.044698,2241.79
SOLVUSDTSWAP,60,20250601,230000,0.044695,0.045381,0.044683,0.04513,3079.44
SOLVUSDTSWAP,60,20250602,000000,0.045118,0.045729,0.044896,0.045442,2971.11
SOLVUSDTSWAP,60,20250602,010000,0.045429,0.045705,0.045052,0.045086,3141.01
SOLVUSDTSWAP,60,20250602,020000,0.045085,0.046149,0.045085,0.045781,3536.38
SOLVUSDTSWAP,60,20250602,030000,0.045785,0.046142,0.045632,0.045875,5591.68
SOLVUSDTSWAP,60,20250602,040000,0.045872,0.046365,0.045364,0.045485,4968.08
SOLVUSDTSWAP,60,20250602,050000,0.045484,0.045508,0.044963,0.045294,3723.87
SOLVUSDTSWAP,60,20250602,060000,0.045306,0.045551,0.044764,0.044976,4909.49
SOLVUSDTSWAP,60,20250602,070000,0.044973,0.045186,0.044741,0.044839,2299.69
SOLVUSDTSWAP,60,20250602,080000,0.044841,0.045309,0.043418,0.044147,13930.35
SOLVUSDTSWAP,60,20250602,090000,0.044139,0.044277,0.043653,0.044097,4600.87
SOLVUSDTSWAP,60,20250602,100000,0.044082,0.04426,0.043857,0.04403,3474.15
SOLVUSDTSWAP,60,20250602,110000,0.044032,0.044782,0.044028,0.044426,4328.39
SOLVUSDTSWAP,60,20250602,120000,0.044438,0.044515,0.04392,0.044311,3388.8
SOLVUSDTSWAP,60,20250602,130000,0.044302,0.044765,0.044218,0.044742,3259.48
SOLVUSDTSWAP,60,20250602,140000,0.044742,0.045541,0.04464,0.045432,5517.27
SOLVUSDTSWAP,60,20250602,150000,0.045414,0.046232,0.045128,0.045417,11752.23
SOLVUSDTSWAP,60,20250602,160000,0.045419,0.046044,0.045161,0.045758,4970.79
SOLVUSDTSWAP,60,20250602,170000,0.045758,0.045906,0.045218,0.045459,3511.88
SOLVUSDTSWAP,60,20250602,180000,0.045452,0.045983,0.045366,0.045625,3606.98
SOLVUSDTSWAP,60,20250602,190000,0.045622,0.046123,0.045354,0.045487,3522.2
SOLVUSDTSWAP,60,20250602,200000,0.04549,0.04599,0.045428,0.045756,1580.41
SOLVUSDTSWAP,60,20250602,210000,0.045763,0.046,0.045591,0.045769,1330.83
SOLVUSDTSWAP,60,20250602,220000,0.045764,0.045776,0.045145,0.04534,1931.38
SOLVUSDTSWAP,60,20250602,230000,0.045338,0.045829,0.045217,0.045546,1481.65
SOLVUSDTSWAP,60,20250603,000000,0.045554,0.047861,0.045547,0.046264,8238.62
SOLVUSDTSWAP,60,20250603,010000,0.04629,0.046446,0.045587,0.045976,3018.29
SOLVUSDTSWAP,60,20250603,020000,0.045992,0.046006,0.045455,0.04585,2305.44
SOLVUSDTSWAP,60,20250603,030000,0.045847,0.046173,0.0456,0.045714,2783.74
SOLVUSDTSWAP,60,20250603,040000,0.04571,0.046087,0.044102,0.044949,7196.67
SOLVUSDTSWAP,60,20250603,050000,0.044957,0.044976,0.043121,0.044501,13783.1
SOLVUSDTSWAP,60,20250603,060000,0.04449,0.044808,0.044153,0.044568,3818.49
SOLVUSDTSWAP,60,20250603,070000,0.044567,0.044746,0.044239,0.044623,2351.04
SOLVUSDTSWAP,60,20250603,080000,0.044616,0.04526,0.044533,0.045247,2657.37
SOLVUSDTSWAP,60,20250603,090000,0.045251,0.04539,0.044943,0.045172,2954.44
SOLVUSDTSWAP,60,20250603,100000,0.045178,0.045252,0.044899,0.045192,1362.3
SOLVUSDTSWAP,60,20250603,110000,0.045193,0.045294,0.044661,0.044729,2133.47
SOLVUSDTSWAP,60,20250603,120000,0.044724,0.045141,0.044665,0.04496,1222.4
SOLVUSDTSWAP,60,20250603,130000,0.04495,0.045176,0.044708,0.045153,1044.1
SOLVUSDTSWAP,60,20250603,140000,0.045156,0.045508,0.045109,0.04527,1460.39
SOLVUSDTSWAP,60,20250603,150000,0.045274,0.045325,0.044897,0.04511,856.45
SOLVUSDTSWAP,60,20250603,160000,0.045104,0.045659,0.044831,0.044911,2698.21
SOLVUSDTSWAP,60,20250603,170000,0.044927,0.045244,0.044832,0.045201,1444.18
SOLVUSDTSWAP,60,20250603,180000,0.045196,0.045521,0.044965,0.045315,1997.53
SOLVUSDTSWAP,60,20250603,190000,0.045341,0.045675,0.044946,0.044967,1712.62
SOLVUSDTSWAP,60,20250603,200000,0.044958,0.045119,0.044836,0.045033,1789.42
SOLVUSDTSWAP,60,20250603,210000,0.04504,0.045195,0.044817,0.044922,1010.47
SOLVUSDTSWAP,60,20250603,220000,0.044937,0.045666,0.044933,0.045357,1466.43
SOLVUSDTSWAP,60,20250603,230000,0.045365,0.045453,0.044836,0.044845,1460.07
SOLVUSDTSWAP,60,20250604,000000,0.04484,0.044895,0.044515,0.044746,1547.61
SOLVUSDTSWAP,60,20250604,010000,0.044739,0.044921,0.044307,0.044466,1712.88
SOLVUSDTSWAP,60,20250604,020000,0.044485,0.044612,0.044326,0.044532,595.7
SOLVUSDTSWAP,60,20250604,030000,0.044541,0.044576,0.044276,0.04449,1186.57
SOLVUSDTSWAP,60,20250604,040000,0.044476,0.044796,0.044164,0.044218,1976.65
SOLVUSDTSWAP,60,20250604,050000,0.044224,0.044732,0.044224,0.044618,1094.06
SOLVUSDTSWAP,60,20250604,060000,0.044618,0.045012,0.044532,0.044955,1899.34
SOLVUSDTSWAP,60,20250604,070000,0.044964,0.045614,0.044928,0.045192,3808.45
SOLVUSDTSWAP,60,20250604,080000,0.045196,0.045546,0.044813,0.045251,3186.32
SOLVUSDTSWAP,60,20250604,090000,0.045257,0.045369,0.044418,0.044586,3316.75
SOLVUSDTSWAP,60,20250604,100000,0.044594,0.0447,0.044434,0.04457,1099.55
SOLVUSDTSWAP,60,20250604,110000,0.04456,0.044622,0.044404,0.044424,944.81
SOLVUSDTSWAP,60,20250604,120000,0.044427,0.044907,0.044222,0.044613,2656.16
SOLVUSDTSWAP,60,20250604,130000,0.044607,0.044659,0.043555,0.043969,5082.57
SOLVUSDTSWAP,60,20250604,140000,0.04398,0.044304,0.04398,0.04412,1497.21
SOLVUSDTSWAP,60,20250604,150000,0.044108,0.044304,0.043923,0.043988,1033.23
SOLVUSDTSWAP,60,20250604,160000,0.043996,0.044292,0.043996,0.04418,1014.68
SOLVUSDTSWAP,60,20250604,170000,0.044185,0.044269,0.042775,0.043242,11106.83
SOLVUSDTSWAP,60,20250604,180000,0.043248,0.043855,0.042836,0.043462,5968.61
SOLVUSDTSWAP,60,20250604,190000,0.043461,0.043871,0.043334,0.043752,2348.02
SOLVUSDTSWAP,60,20250604,200000,0.043752,0.043791,0.04307,0.043347,1306.61
SOLVUSDTSWAP,60,20250604,210000,0.043354,0.043432,0.04304,0.043076,1114.24
SOLVUSDTSWAP,60,20250604,220000,0.04308,0.043214,0.043023,0.043089,176.37