<TICKER>,<PER>,<DATE>,<TIME>,<OPEN>,<HIGH>,<LOW>,<CLOSE>,<VOL>
SOONUSDTSWAP,60,20250531,190000,0.24842,0.2544,0.24553,0.24896,192365.27
SOONUSDTSWAP,60,20250531,200000,0.24899,0.24978,0.23458,0.23715,253673.0
SOONUSDTSWAP,60,20250531,210000,0.2371,0.24184,0.23545,0.23672,145116.82
SOONUSDTSWAP,60,20250531,220000,0.23672,0.25052,0.23334,0.23865,313763.36
SOONUSDTSWAP,60,20250531,230000,0.2386,0.25758,0.23768,0.25674,160995.59
SOONUSDTSWAP,60,20250601,000000,0.25677,0.25677,0.24865,0.25017,93579.83
SOONUSDTSWAP,60,20250601,010000,0.25013,0.25147,0.24696,0.24818,70797.55
SOONUSDTSWAP,60,20250601,020000,0.2482,0.24993,0.2452,0.24805,68348.82
SOONUSDTSWAP,60,20250601,030000,0.24806,0.24993,0.24644,0.24988,56782.92
SOONUSDTSWAP,60,20250601,040000,0.24981,0.25073,0.24239,0.24425,129880.22
SOONUSDTSWAP,60,20250601,050000,0.24425,0.25,0.2402,0.24692,138522.48
SOONUSDTSWAP,60,20250601,060000,0.2469,0.25455,0.24632,0.2521,87807.52
SOONUSDTSWAP,60,20250601,070000,0.25217,0.25312,0.24908,0.25145,52884.59
SOONUSDTSWAP,60,20250601,080000,0.25145,0.26221,0.25017,0.25869,136649.5
SOONUSDTSWAP,60,20250601,090000,0.25871,0.26613,0.25844,0.26343,124654.5
SOONUSDTSWAP,60,20250601,100000,0.26339,0.27064,0.25586,0.26485,239817.91
SOONUSDTSWAP,60,20250601,110000,0.26485,0.27188,0.26463,0.26596,142866.45
SOONUSDTSWAP,60,20250601,120000,0.26593,0.2725,0.2643,0.26581,176196.44
SOONUSDTSWAP,60,20250601,130000,0.26579,0.27015,0.26484,0.26785,76624.07
SOONUSDTSWAP,60,20250601,140000,0.26792,0.26836,0.26212,0.26689,82832.29
SOONUSDTSWAP,60,20250601,150000,0.26691,0.27904,0.26686,0.2752,323346.25
SOONUSDTSWAP,60,20250601,160000,0.2752,0.27982,0.27081,0.27867,219628.04
SOONUSDTSWAP,60,20250601,170000,0.27876,0.30635,0.27203,0.27787,1167485.63
SOONUSDTSWAP,60,20250601,180000,0.27761,0.29237,0.27302,0.2839,569939.16
SOONUSDTSWAP,60,20250601,190000,0.28381,0.29367,0.28316,0.2892,315757.36
SOONUSDTSWAP,60,20250601,200000,0.28915,0.29863,0.28807,0.29059,315813.39
SOONUSDTSWAP,60,20250601,210000,0.29054,0.29352,0.28164,0.28728,236171.83
SOONUSDTSWAP,60,20250601,220000,0.28732,0.29087,0.27604,0.27726,181676.17
SOONUSDTSWAP,60,20250601,230000,0.27718,0.29054,0.27625,0.28877,124410.03
SOONUSDTSWAP,60,20250602,000000,0.28879,0.28995,0.28423,0.28521,72857.1
SOONUSDTSWAP,60,20250602,010000,0.28513,0.29578,0.28444,0.28927,150223.02
SOONUSDTSWAP,60,20250602,020000,0.28926,0.29706,0.28836,0.29588,198464.76
SOONUSDTSWAP,60,20250602,030000,0.2959,0.30365,0.28965,0.30308,264167.98
SOONUSDTSWAP,60,20250602,040000,0.30306,0.32516,0.30293,0.31705,852962.07
SOONUSDTSWAP,60,20250602,050000,0.31728,0.32527,0.30248,0.32387,568640.32
SOONUSDTSWAP,60,20250602,060000,0.32392,0.33236,0.32014,0.32576,839186.99
SOONUSDTSWAP,60,20250602,070000,0.32571,0.32971,0.31671,0.3183,548488.47
SOONUSDTSWAP,60,20250602,080000,0.31836,0.32944,0.313,0.31621,568214.66
SOONUSDTSWAP,60,20250602,090000,0.31625,0.31649,0.295,0.3025,776141.38
SOONUSDTSWAP,60,20250602,100000,0.3024,0.30638,0.29365,0.29795,428859.14
SOONUSDTSWAP,60,20250602,110000,0.2978,0.30193,0.28791,0.29291,382505.64
SOONUSDTSWAP,60,20250602,120000,0.29291,0.29319,0.28323,0.28472,255995.14
SOONUSDTSWAP,60,20250602,130000,0.28479,0.28786,0.28325,0.28732,179221.19
SOONUSDTSWAP,60,20250602,140000,0.28732,0.28998,0.28017,0.28901,269075.47
SOONUSDTSWAP,60,20250602,150000,0.28884,0.29264,0.28266,0.28796,231776.19
SOONUSDTSWAP,60,20250602,160000,0.2882,0.29077,0.2852,0.28803,103173.58
SOONUSDTSWAP,60,20250602,170000,0.28805,0.2969,0.28696,0.2933,197638.02
SOONUSDTSWAP,60,20250602,180000,0.29329,0.29434,0.2882,0.2887,131062.8
SOONUSDTSWAP,60,20250602,190000,0.28871,0.28967,0.28598,0.28843,96205.68
SOONUSDTSWAP,60,20250602,200000,0.28842,0.29389,0.28601,0.29352,90795.48
SOONUSDTSWAP,60,20250602,210000,0.2935,0.30367,0.29272,0.29925,256980.09
SOONUSDTSWAP,60,20250602,220000,0.29925,0.30119,0.29554,0.2993,111260.85
SOONUSDTSWAP,60,20250602,230000,0.29931,0.30803,0.29702,0.30446,118200.51
SOONUSDTSWAP,60,20250603,000000,0.30447,0.30725,0.29483,0.29612,80652.58
SOONUSDTSWAP,60,20250603,010000,0.29613,0.29966,0.29534,0.29576,67268.89
SOONUSDTSWAP,60,20250603,020000,0.29572,0.29887,0.29497,0.29669,64855.83
SOONUSDTSWAP,60,20250603,030000,0.29669,0.30365,0.29404,0.30321,107301.2
SOONUSDTSWAP,60,20250603,040000,0.30321,0.30488,0.2989,0.3006,92032.42
SOONUSDTSWAP,60,20250603,050000,0.30066,0.3009,0.29065,0.29213,200978.58
SOONUSDTSWAP,60,20250603,060000,0.29219,0.29333,0.28451,0.28569,158154.27
SOONUSDTSWAP,60,20250603,070000,0.28569,0.28834,0.28394,0.28647,84690.23
SOONUSDTSWAP,60,20250603,080000,0.28649,0.28922,0.28517,0.288,75061.81
SOONUSDTSWAP,60,20250603,090000,0.28805,0.29677,0.28769,0.29217,154327.68
SOONUSDTSWAP,60,20250603,100000,0.29216,0.29657,0.28796,0.289,87392.36
SOONUSDTSWAP,60,20250603,110000,0.28899,0.29019,0.28597,0.28814,95639.51
SOONUSDTSWAP,60,20250603,120000,0.28815,0.29052,0.28581,0.29007,83749.36
SOONUSDTSWAP,60,20250603,130000,0.29008,0.29187,0.28755,0.2908,58871.16
SOONUSDTSWAP,60,20250603,140000,0.29084,0.29309,0.28707,0.288,82514.51
SOONUSDTSWAP,60,20250603,150000,0.28804,0.29624,0.28627,0.29417,125454.09
SOONUSDTSWAP,60,20250603,160000,0.29415,0.29695,0.29246,0.29475,114652.61
SOONUSDTSWAP,60,20250603,170000,0.29474,0.29746,0.2902,0.29696,101224.62
SOONUSDTSWAP,60,20250603,180000,0.29694,0.29863,0.28669,0.28711,102753.71
SOONUSDTSWAP,60,20250603,190000,0.28712,0.29069,0.28527,0.28622,107285.55
SOONUSDTSWAP,60,20250603,200000,0.28626,0.29746,0.286,0.29435,143923.23
SOONUSDTSWAP,60,20250603,210000,0.2943,0.29579,0.29179,0.29349,59429.18
SOONUSDTSWAP,60,20250603,220000,0.29347,0.29965,0.29347,0.2959,58869.5
SOONUSDTSWAP,60,20250603,230000,0.29594,0.29662,0.28667,0.28881,81745.43
SOONUSDTSWAP,60,20250604,000000,0.28875,0.29143,0.28327,0.28653,70622.48
SOONUSDTSWAP,60,20250604,010000,0.28661,0.298,0.28615,0.29426,90009.87
SOONUSDTSWAP,60,20250604,020000,0.29451,0.29592,0.29272,0.29483,47144.57
SOONUSDTSWAP,60,20250604,030000,0.29484,0.29567,0.2851,0.29217,115421.31
SOONUSDTSWAP,60,20250604,040000,0.29229,0.29487,0.29015,0.29071,47867.46
SOONUSDTSWAP,60,20250604,050000,0.29071,0.29904,0.2902,0.295,80863.31
SOONUSDTSWAP,60,20250604,060000,0.29502,0.30567,0.29449,0.30211,130089.66
SOONUSDTSWAP,60,20250604,070000,0.3021,0.31354,0.3021,0.31155,187499.57
SOONUSDTSWAP,60,20250604,080000,0.31156,0.31658,0.30921,0.31569,169071.15
SOONUSDTSWAP,60,20250604,090000,0.31567,0.31679,0.309,0.31236,163279.68
SOONUSDTSWAP,60,20250604,100000,0.31235,0.31566,0.31063,0.31255,99196.43
SOONUSDTSWAP,60,20250604,110000,0.31252,0.31588,0.31025,0.31131,111705.9
SOONUSDTSWAP,60,20250604,120000,0.31135,0.31178,0.29806,0.3034,356668.24
SOONUSDTSWAP,60,20250604,130000,0.30344,0.30638,0.30115,0.30345,84425.81
SOONUSDTSWAP,60,20250604,140000,0.30347,0.30633,0.30134,0.30304,79098.24
SOONUSDTSWAP,60,20250604,150000,0.30314,0.30339,0.29962,0.30088,100218.69
SOONUSDTSWAP,60,20250604,160000,0.30086,0.3048,0.29951,0.30327,69734.23
SOONUSDTSWAP,60,20250604,170000,0.30314,0.30806,0.29915,0.30734,87509.24
SOONUSDTSWAP,60,20250604,180000,0.30731,0.30761,0.30201,0.3047,77695.34
SOONUSDTSWAP,60,20250604,190000,0.30468,0.31754,0.30106,0.31434,211581.37
SOONUSDTSWAP,60,20250604,200000,0.31426,0.31645,0.30095,0.3087,211870.64
SOONUSDTSWAP,60,20250604,210000,0.3087,0.30882,0.30371,0.3063,52500.92
SOONUSDTSWAP,60,20250604,220000,0.3063,0.31386,0.30421,0.31192,52003.31