<TICKER>,<PER>,<DATE>,<TIME>,<OPEN>,<HIGH>,<LOW>,<CLOSE>,<VOL>
SOPHUSDTSWAP,60,20250531,190000,0.04901,0.05031,0.04867,0.04971,58360.23
SOPHUSDTSWAP,60,20250531,200000,0.0497,0.04999,0.04916,0.04942,21646.14
SOPHUSDTSWAP,60,20250531,210000,0.04941,0.05013,0.04934,0.04958,19096.92
SOPHUSDTSWAP,60,20250531,220000,0.04958,0.04965,0.04803,0.04832,37054.16
SOPHUSDTSWAP,60,20250531,230000,0.04832,0.04955,0.04822,0.04939,18514.0
SOPHUSDTSWAP,60,20250601,000000,0.04939,0.05009,0.04927,0.04997,15535.03
SOPHUSDTSWAP,60,20250601,010000,0.04998,0.05003,0.04936,0.04988,20158.53
SOPHUSDTSWAP,60,20250601,020000,0.04989,0.04998,0.04925,0.04964,18670.43
SOPHUSDTSWAP,60,20250601,030000,0.04963,0.05007,0.04855,0.04948,48055.59
SOPHUSDTSWAP,60,20250601,040000,0.04948,0.05006,0.04782,0.04798,50281.13
SOPHUSDTSWAP,60,20250601,050000,0.04798,0.04799,0.04716,0.04739,45794.85
SOPHUSDTSWAP,60,20250601,060000,0.04739,0.04919,0.04723,0.04897,40270.08
SOPHUSDTSWAP,60,20250601,070000,0.04896,0.05172,0.0485,0.05084,77903.34
SOPHUSDTSWAP,60,20250601,080000,0.05083,0.05199,0.05042,0.05163,66177.36
SOPHUSDTSWAP,60,20250601,090000,0.05164,0.05345,0.05135,0.05286,82560.02
SOPHUSDTSWAP,60,20250601,100000,0.05285,0.055,0.05235,0.05355,145191.85
SOPHUSDTSWAP,60,20250601,110000,0.05355,0.05528,0.05277,0.05307,173455.57
SOPHUSDTSWAP,60,20250601,120000,0.05307,0.05375,0.05137,0.05184,133410.34
SOPHUSDTSWAP,60,20250601,130000,0.05183,0.05275,0.05164,0.0518,62750.94
SOPHUSDTSWAP,60,20250601,140000,0.05179,0.05197,0.05094,0.0515,52345.09
SOPHUSDTSWAP,60,20250601,150000,0.05149,0.05161,0.05056,0.05094,46083.86
SOPHUSDTSWAP,60,20250601,160000,0.05092,0.05214,0.05087,0.05165,64376.53
SOPHUSDTSWAP,60,20250601,170000,0.05164,0.05244,0.05153,0.05166,49886.15
SOPHUSDTSWAP,60,20250601,180000,0.05166,0.0521,0.05127,0.05205,46416.05
SOPHUSDTSWAP,60,20250601,190000,0.05204,0.05427,0.05192,0.05342,91046.79
SOPHUSDTSWAP,60,20250601,200000,0.05344,0.0535,0.0526,0.05325,43343.05
SOPHUSDTSWAP,60,20250601,210000,0.05324,0.05349,0.05244,0.05337,38687.01
SOPHUSDTSWAP,60,20250601,220000,0.05338,0.05343,0.05227,0.05267,27255.77
SOPHUSDTSWAP,60,20250601,230000,0.05266,0.05398,0.05236,0.05356,26720.53
SOPHUSDTSWAP,60,20250602,000000,0.05357,0.05375,0.05288,0.05313,14546.72
SOPHUSDTSWAP,60,20250602,010000,0.05312,0.05369,0.05242,0.05258,26609.93
SOPHUSDTSWAP,60,20250602,020000,0.05259,0.05435,0.05238,0.05331,31689.63
SOPHUSDTSWAP,60,20250602,030000,0.05331,0.05364,0.05161,0.05172,45320.75
SOPHUSDTSWAP,60,20250602,040000,0.05173,0.05218,0.05134,0.05172,28444.36
SOPHUSDTSWAP,60,20250602,050000,0.05172,0.05176,0.05087,0.05117,29644.3
SOPHUSDTSWAP,60,20250602,060000,0.05117,0.05166,0.05076,0.05109,31889.09
SOPHUSDTSWAP,60,20250602,070000,0.0511,0.0514,0.05052,0.05074,33431.87
SOPHUSDTSWAP,60,20250602,080000,0.05075,0.05114,0.04953,0.04997,44721.46
SOPHUSDTSWAP,60,20250602,090000,0.04997,0.05023,0.04971,0.04984,25473.61
SOPHUSDTSWAP,60,20250602,100000,0.04983,0.05882,0.04973,0.05777,334097.04
SOPHUSDTSWAP,60,20250602,110000,0.05776,0.06229,0.0565,0.06072,493161.41
SOPHUSDTSWAP,60,20250602,120000,0.06071,0.06288,0.05782,0.05846,344673.62
SOPHUSDTSWAP,60,20250602,130000,0.05847,0.0588,0.05442,0.05769,396264.81
SOPHUSDTSWAP,60,20250602,140000,0.0577,0.05791,0.05529,0.05603,181912.92
SOPHUSDTSWAP,60,20250602,150000,0.05602,0.05663,0.05496,0.05647,129006.72
SOPHUSDTSWAP,60,20250602,160000,0.05646,0.06075,0.05635,0.05952,336699.49
SOPHUSDTSWAP,60,20250602,170000,0.05953,0.06091,0.05838,0.05899,246749.95
SOPHUSDTSWAP,60,20250602,180000,0.05899,0.06436,0.05804,0.06322,374116.41
SOPHUSDTSWAP,60,20250602,190000,0.06322,0.06468,0.06157,0.06214,376844.49
SOPHUSDTSWAP,60,20250602,200000,0.06213,0.06329,0.06125,0.06187,172877.16
SOPHUSDTSWAP,60,20250602,210000,0.06184,0.06265,0.05964,0.06014,160029.68
SOPHUSDTSWAP,60,20250602,220000,0.06016,0.06085,0.05901,0.05984,105990.91
SOPHUSDTSWAP,60,20250602,230000,0.05985,0.06059,0.05939,0.06022,75319.43
SOPHUSDTSWAP,60,20250603,000000,0.06023,0.06145,0.05911,0.05956,72243.23
SOPHUSDTSWAP,60,20250603,010000,0.05956,0.06088,0.05955,0.06,64279.77
SOPHUSDTSWAP,60,20250603,020000,0.05999,0.06,0.05851,0.05943,99436.9
SOPHUSDTSWAP,60,20250603,030000,0.05945,0.06392,0.05887,0.06378,210821.41
SOPHUSDTSWAP,60,20250603,040000,0.0638,0.0718,0.06347,0.07005,680491.57
SOPHUSDTSWAP,60,20250603,050000,0.07006,0.0749,0.06845,0.07185,549825.7
SOPHUSDTSWAP,60,20250603,060000,0.07182,0.07355,0.0702,0.07151,413726.72
SOPHUSDTSWAP,60,20250603,070000,0.07151,0.07258,0.0691,0.06983,337895.4
SOPHUSDTSWAP,60,20250603,080000,0.06982,0.0704,0.0681,0.07,282914.55
SOPHUSDTSWAP,60,20250603,090000,0.07,0.07222,0.06902,0.06942,385562.38
SOPHUSDTSWAP,60,20250603,100000,0.06942,0.0703,0.06531,0.06565,352774.6
SOPHUSDTSWAP,60,20250603,110000,0.06565,0.06732,0.06514,0.06698,228383.35
SOPHUSDTSWAP,60,20250603,120000,0.06696,0.06913,0.06678,0.06868,182265.66
SOPHUSDTSWAP,60,20250603,130000,0.06869,0.0694,0.06782,0.06892,153490.21
SOPHUSDTSWAP,60,20250603,140000,0.06893,0.07047,0.0672,0.06998,233813.66
SOPHUSDTSWAP,60,20250603,150000,0.06999,0.07072,0.06932,0.0697,193404.77
SOPHUSDTSWAP,60,20250603,160000,0.06971,0.07054,0.06805,0.06885,220150.52
SOPHUSDTSWAP,60,20250603,170000,0.06885,0.06938,0.06724,0.06852,183544.39
SOPHUSDTSWAP,60,20250603,180000,0.06852,0.06924,0.06664,0.06711,163156.81
SOPHUSDTSWAP,60,20250603,190000,0.06712,0.06721,0.0611,0.06155,362189.45
SOPHUSDTSWAP,60,20250603,200000,0.06152,0.063,0.06073,0.0619,195385.49
SOPHUSDTSWAP,60,20250603,210000,0.06191,0.06214,0.06094,0.06132,108496.84
SOPHUSDTSWAP,60,20250603,220000,0.06132,0.06193,0.06103,0.06129,53174.19
SOPHUSDTSWAP,60,20250603,230000,0.06129,0.06176,0.06035,0.06162,80047.8
SOPHUSDTSWAP,60,20250604,000000,0.06162,0.06348,0.0613,0.06256,77574.9
SOPHUSDTSWAP,60,20250604,010000,0.06256,0.06259,0.0612,0.06175,58595.89
SOPHUSDTSWAP,60,20250604,020000,0.06174,0.06421,0.06167,0.06316,140291.68
SOPHUSDTSWAP,60,20250604,030000,0.06316,0.06388,0.06001,0.06171,187925.25
SOPHUSDTSWAP,60,20250604,040000,0.06171,0.06229,0.05725,0.05781,219051.49
SOPHUSDTSWAP,60,20250604,050000,0.05781,0.0589,0.05734,0.0586,112009.77
SOPHUSDTSWAP,60,20250604,060000,0.05861,0.05917,0.05808,0.05823,77498.42
SOPHUSDTSWAP,60,20250604,070000,0.05823,0.05858,0.05704,0.05807,134210.54
SOPHUSDTSWAP,60,20250604,080000,0.05807,0.05853,0.05757,0.05818,78415.0
SOPHUSDTSWAP,60,20250604,090000,0.05817,0.05872,0.05761,0.05774,61413.91
SOPHUSDTSWAP,60,20250604,100000,0.05774,0.05821,0.05713,0.05763,58863.27
SOPHUSDTSWAP,60,20250604,110000,0.05764,0.05778,0.05536,0.05613,159761.31
SOPHUSDTSWAP,60,20250604,120000,0.05614,0.05699,0.05555,0.05666,119586.4
SOPHUSDTSWAP,60,20250604,130000,0.05665,0.05683,0.05584,0.05648,89241.99
SOPHUSDTSWAP,60,20250604,140000,0.05647,0.05833,0.05627,0.05779,123277.06
SOPHUSDTSWAP,60,20250604,150000,0.0578,0.05787,0.0562,0.0567,127455.42
SOPHUSDTSWAP,60,20250604,160000,0.05669,0.05743,0.05645,0.05668,74913.0
SOPHUSDTSWAP,60,20250604,170000,0.05667,0.05706,0.05603,0.05693,78413.26
SOPHUSDTSWAP,60,20250604,180000,0.05692,0.0572,0.05561,0.05655,113079.21
SOPHUSDTSWAP,60,20250604,190000,0.05656,0.05831,0.05417,0.05529,260745.73
SOPHUSDTSWAP,60,20250604,200000,0.0553,0.05546,0.05457,0.05531,64078.49
SOPHUSDTSWAP,60,20250604,210000,0.05529,0.05637,0.05516,0.05557,80467.85
SOPHUSDTSWAP,60,20250604,220000,0.05557,0.05609,0.05542,0.05595,11684.7