<TICKER>,<PER>,<DATE>,<TIME>,<OPEN>,<HIGH>,<LOW>,<CLOSE>,<VOL>
STRKUSDTSWAP,60,20250531,190000,0.1326,0.1347,0.1316,0.1339,290678.56
STRKUSDTSWAP,60,20250531,200000,0.1339,0.135,0.1332,0.1333,138927.68
STRKUSDTSWAP,60,20250531,210000,0.1333,0.1349,0.1333,0.1345,112736.21
STRKUSDTSWAP,60,20250531,220000,0.1345,0.1351,0.1341,0.1343,100345.34
STRKUSDTSWAP,60,20250531,230000,0.1342,0.1347,0.1337,0.1346,117635.83
STRKUSDTSWAP,60,20250601,000000,0.1346,0.1361,0.1342,0.1344,246602.54
STRKUSDTSWAP,60,20250601,010000,0.1345,0.1345,0.1328,0.1329,162423.95
STRKUSDTSWAP,60,20250601,020000,0.1328,0.134,0.1324,0.133,206458.05
STRKUSDTSWAP,60,20250601,030000,0.133,0.1337,0.1322,0.1331,224140.11
STRKUSDTSWAP,60,20250601,040000,0.1331,0.1342,0.1315,0.1318,202208.71
STRKUSDTSWAP,60,20250601,050000,0.1318,0.1325,0.1303,0.132,199716.94
STRKUSDTSWAP,60,20250601,060000,0.1321,0.1326,0.1307,0.1318,154519.35
STRKUSDTSWAP,60,20250601,070000,0.1319,0.1342,0.1313,0.1339,155735.25
STRKUSDTSWAP,60,20250601,080000,0.1339,0.1347,0.1333,0.1337,140780.85
STRKUSDTSWAP,60,20250601,090000,0.1338,0.1351,0.1328,0.1348,263277.99
STRKUSDTSWAP,60,20250601,100000,0.1347,0.1349,0.1329,0.1336,172039.51
STRKUSDTSWAP,60,20250601,110000,0.1337,0.1338,0.1322,0.1327,96586.08
STRKUSDTSWAP,60,20250601,120000,0.1326,0.1332,0.1301,0.1311,331712.96
STRKUSDTSWAP,60,20250601,130000,0.131,0.1318,0.1303,0.1315,238535.15
STRKUSDTSWAP,60,20250601,140000,0.1314,0.1329,0.1309,0.1319,144544.6
STRKUSDTSWAP,60,20250601,150000,0.132,0.1325,0.1305,0.1317,160316.38
STRKUSDTSWAP,60,20250601,160000,0.1316,0.1344,0.1315,0.1336,205531.83
STRKUSDTSWAP,60,20250601,170000,0.1335,0.1371,0.1334,0.1356,249877.02
STRKUSDTSWAP,60,20250601,180000,0.1355,0.1361,0.1347,0.1354,149365.85
STRKUSDTSWAP,60,20250601,190000,0.1353,0.1379,0.1346,0.1361,360475.05
STRKUSDTSWAP,60,20250601,200000,0.1361,0.1366,0.1355,0.136,93906.01
STRKUSDTSWAP,60,20250601,210000,0.136,0.1361,0.1326,0.1343,296399.49
STRKUSDTSWAP,60,20250601,220000,0.1344,0.1354,0.1343,0.1352,124218.93
STRKUSDTSWAP,60,20250601,230000,0.1352,0.1366,0.1347,0.1359,104552.46
STRKUSDTSWAP,60,20250602,000000,0.1359,0.1381,0.1358,0.1379,95576.43
STRKUSDTSWAP,60,20250602,010000,0.1379,0.1391,0.1371,0.1372,231328.22
STRKUSDTSWAP,60,20250602,020000,0.1373,0.1387,0.1371,0.1374,100871.01
STRKUSDTSWAP,60,20250602,030000,0.1375,0.1375,0.1361,0.1368,167895.89
STRKUSDTSWAP,60,20250602,040000,0.1367,0.1379,0.1355,0.1356,173649.46
STRKUSDTSWAP,60,20250602,050000,0.1356,0.1359,0.1343,0.1347,200405.41
STRKUSDTSWAP,60,20250602,060000,0.1348,0.1349,0.1332,0.134,258857.25
STRKUSDTSWAP,60,20250602,070000,0.134,0.1345,0.133,0.1331,259402.56
STRKUSDTSWAP,60,20250602,080000,0.1332,0.1344,0.1324,0.1335,144574.61
STRKUSDTSWAP,60,20250602,090000,0.1336,0.1355,0.1327,0.1347,161882.45
STRKUSDTSWAP,60,20250602,100000,0.1346,0.1364,0.1346,0.1355,189888.43
STRKUSDTSWAP,60,20250602,110000,0.1356,0.1399,0.1351,0.136,1872651.87
STRKUSDTSWAP,60,20250602,120000,0.1361,0.1361,0.1333,0.134,471059.38
STRKUSDTSWAP,60,20250602,130000,0.1339,0.1345,0.133,0.1342,464156.72
STRKUSDTSWAP,60,20250602,140000,0.1342,0.1347,0.1332,0.1339,168983.16
STRKUSDTSWAP,60,20250602,150000,0.1339,0.137,0.1332,0.1364,412345.32
STRKUSDTSWAP,60,20250602,160000,0.1364,0.1382,0.1349,0.1362,391812.68
STRKUSDTSWAP,60,20250602,170000,0.1361,0.139,0.1356,0.1379,328464.69
STRKUSDTSWAP,60,20250602,180000,0.1379,0.1389,0.1364,0.1376,268105.87
STRKUSDTSWAP,60,20250602,190000,0.1376,0.1376,0.1356,0.1373,296092.36
STRKUSDTSWAP,60,20250602,200000,0.1374,0.1381,0.1362,0.1373,130377.21
STRKUSDTSWAP,60,20250602,210000,0.1374,0.1389,0.1369,0.1371,111647.53
STRKUSDTSWAP,60,20250602,220000,0.1371,0.1377,0.1349,0.1361,151246.39
STRKUSDTSWAP,60,20250602,230000,0.1361,0.1393,0.1361,0.1392,160513.48
STRKUSDTSWAP,60,20250603,000000,0.1393,0.1407,0.1387,0.1405,321604.28
STRKUSDTSWAP,60,20250603,010000,0.1405,0.1426,0.1405,0.1414,265077.42
STRKUSDTSWAP,60,20250603,020000,0.1414,0.1429,0.1412,0.1423,359180.32
STRKUSDTSWAP,60,20250603,030000,0.1423,0.1447,0.1421,0.1441,277036.61
STRKUSDTSWAP,60,20250603,040000,0.1441,0.1463,0.1439,0.1457,269508.21
STRKUSDTSWAP,60,20250603,050000,0.1458,0.1461,0.1425,0.1427,230671.49
STRKUSDTSWAP,60,20250603,060000,0.1427,0.1431,0.1404,0.1407,217107.2
STRKUSDTSWAP,60,20250603,070000,0.1407,0.1407,0.1389,0.1392,191122.24
STRKUSDTSWAP,60,20250603,080000,0.1392,0.1425,0.1392,0.1424,205654.22
STRKUSDTSWAP,60,20250603,090000,0.1424,0.143,0.1411,0.1421,176920.47
STRKUSDTSWAP,60,20250603,100000,0.1421,0.1425,0.1403,0.1408,109982.13
STRKUSDTSWAP,60,20250603,110000,0.1409,0.1414,0.1394,0.1411,198139.08
STRKUSDTSWAP,60,20250603,120000,0.1411,0.1418,0.1402,0.1414,129426.09
STRKUSDTSWAP,60,20250603,130000,0.1414,0.1422,0.1409,0.1417,215726.06
STRKUSDTSWAP,60,20250603,140000,0.1418,0.1424,0.1412,0.1417,124421.7
STRKUSDTSWAP,60,20250603,150000,0.1417,0.143,0.1412,0.1428,231169.52
STRKUSDTSWAP,60,20250603,160000,0.1428,0.1444,0.1424,0.1435,558058.83
STRKUSDTSWAP,60,20250603,170000,0.1435,0.1445,0.1419,0.1444,716371.52
STRKUSDTSWAP,60,20250603,180000,0.1444,0.1448,0.1427,0.1434,265354.35
STRKUSDTSWAP,60,20250603,190000,0.1434,0.1436,0.1421,0.1422,212745.8
STRKUSDTSWAP,60,20250603,200000,0.1422,0.1441,0.142,0.1432,246645.47
STRKUSDTSWAP,60,20250603,210000,0.1433,0.1433,0.1417,0.1424,147792.17
STRKUSDTSWAP,60,20250603,220000,0.1425,0.1443,0.1424,0.1434,154889.38
STRKUSDTSWAP,60,20250603,230000,0.1435,0.1435,0.1404,0.1418,469166.51
STRKUSDTSWAP,60,20250604,000000,0.1418,0.1425,0.139,0.1396,221134.83
STRKUSDTSWAP,60,20250604,010000,0.1395,0.1415,0.1395,0.141,135405.81
STRKUSDTSWAP,60,20250604,020000,0.1409,0.1412,0.14,0.1403,88162.82
STRKUSDTSWAP,60,20250604,030000,0.1403,0.1413,0.1392,0.1412,151718.32
STRKUSDTSWAP,60,20250604,040000,0.1412,0.1436,0.141,0.1419,218382.46
STRKUSDTSWAP,60,20250604,050000,0.142,0.1431,0.1411,0.1412,125850.06
STRKUSDTSWAP,60,20250604,060000,0.1413,0.1433,0.141,0.1421,148289.83
STRKUSDTSWAP,60,20250604,070000,0.1422,0.1423,0.1412,0.1416,115857.17
STRKUSDTSWAP,60,20250604,080000,0.1417,0.1422,0.1404,0.1406,129760.07
STRKUSDTSWAP,60,20250604,090000,0.1406,0.1413,0.1398,0.1403,97576.4
STRKUSDTSWAP,60,20250604,100000,0.1403,0.141,0.1398,0.1403,104777.02
STRKUSDTSWAP,60,20250604,110000,0.1403,0.142,0.1403,0.141,141631.17
STRKUSDTSWAP,60,20250604,120000,0.141,0.1414,0.1355,0.14,2142507.69
STRKUSDTSWAP,60,20250604,130000,0.14,0.1402,0.1379,0.1381,260829.24
STRKUSDTSWAP,60,20250604,140000,0.1381,0.1386,0.1374,0.1378,159378.03
STRKUSDTSWAP,60,20250604,150000,0.1379,0.1387,0.1367,0.1372,233376.31
STRKUSDTSWAP,60,20250604,160000,0.1371,0.1379,0.1363,0.1368,215257.56
STRKUSDTSWAP,60,20250604,170000,0.1368,0.1388,0.1359,0.1387,230609.78
STRKUSDTSWAP,60,20250604,180000,0.1387,0.1412,0.1383,0.1409,284960.81
STRKUSDTSWAP,60,20250604,190000,0.1409,0.141,0.1392,0.1396,155975.88
STRKUSDTSWAP,60,20250604,200000,0.1396,0.1397,0.137,0.1378,191393.28
STRKUSDTSWAP,60,20250604,210000,0.1379,0.1395,0.1376,0.1376,178499.97
STRKUSDTSWAP,60,20250604,220000,0.1376,0.1382,0.1373,0.1378,33111.79