<TICKER>,<PER>,<DATE>,<TIME>,<OPEN>,<HIGH>,<LOW>,<CLOSE>,<VOL>
SUIUSDTSWAP,1440,20250225,030000,2.8307,3.0153,2.6344,2.9569,445272294.54
SUIUSDTSWAP,1440,20250226,030000,2.9567,3.0958,2.7443,2.8834,318186899.64
SUIUSDTSWAP,1440,20250227,030000,2.8836,2.9804,2.7582,2.7881,170249067.57
SUIUSDTSWAP,1440,20250228,030000,2.7886,2.8575,2.5182,2.8306,292737183.46
SUIUSDTSWAP,1440,20250301,030000,2.8307,2.9258,2.7815,2.8203,139496867.69
SUIUSDTSWAP,1440,20250302,030000,2.8205,3.2524,2.7908,3.195,260757292.43
SUIUSDTSWAP,1440,20250303,030000,3.1951,3.2061,2.5824,2.6176,251345851.62
SUIUSDTSWAP,1440,20250304,030000,2.6178,2.6529,2.251,2.5258,355204784.62
SUIUSDTSWAP,1440,20250305,030000,2.5258,2.6904,2.4418,2.6329,177219640.16
SUIUSDTSWAP,1440,20250306,030000,2.6327,2.9984,2.5876,2.7357,442347257.06
SUIUSDTSWAP,1440,20250307,030000,2.7357,2.8927,2.561,2.583,431401856.27
SUIUSDTSWAP,1440,20250308,030000,2.5828,2.6293,2.47,2.483,127811570.4
SUIUSDTSWAP,1440,20250309,030000,2.483,2.5248,2.2504,2.29,161720503.92
SUIUSDTSWAP,1440,20250310,030000,2.2901,2.4487,2.0583,2.0889,231977834.48
SUIUSDTSWAP,1440,20250311,030000,2.0892,2.306,1.963,2.2298,229761130.07
SUIUSDTSWAP,1440,20250312,030000,2.2298,2.3753,2.1718,2.2859,178854496.72
SUIUSDTSWAP,1440,20250313,030000,2.285,2.3448,2.1141,2.1634,158984669.76
SUIUSDTSWAP,1440,20250314,030000,2.1635,2.3868,2.159,2.3256,141046719.23
SUIUSDTSWAP,1440,20250315,030000,2.3254,2.4272,2.3001,2.3521,108029533.5
SUIUSDTSWAP,1440,20250316,030000,2.3522,2.3673,2.2036,2.2305,115845786.49
SUIUSDTSWAP,1440,20250317,030000,2.2305,2.3822,2.2282,2.3788,146128022.35
SUIUSDTSWAP,1440,20250318,030000,2.3788,2.3889,2.2202,2.2846,130769339.46
SUIUSDTSWAP,1440,20250319,030000,2.2846,2.4865,2.2763,2.4743,159672594.79
SUIUSDTSWAP,1440,20250320,030000,2.4743,2.4998,2.3435,2.3568,140206189.71
SUIUSDTSWAP,1440,20250321,030000,2.3567,2.3696,2.2301,2.2524,120062677.75
SUIUSDTSWAP,1440,20250322,030000,2.2523,2.3113,2.2322,2.2637,74753233.38
SUIUSDTSWAP,1440,20250323,030000,2.2635,2.3013,2.2344,2.2926,64504410.4
SUIUSDTSWAP,1440,20250324,030000,2.2927,2.4512,2.26,2.3972,140377041.26
SUIUSDTSWAP,1440,20250325,030000,2.3971,2.4843,2.3338,2.4574,125445193.01
SUIUSDTSWAP,1440,20250326,030000,2.4576,2.665,2.4392,2.6187,235097921.13
SUIUSDTSWAP,1440,20250327,030000,2.6188,2.8317,2.6064,2.7808,333085054.15
SUIUSDTSWAP,1440,20250328,030000,2.7808,2.7996,2.4702,2.5051,330966236.02
SUIUSDTSWAP,1440,20250329,030000,2.5052,2.5466,2.248,2.3108,240388146.99
SUIUSDTSWAP,1440,20250330,030000,2.3109,2.4541,2.2787,2.3513,253548502.45
SUIUSDTSWAP,1440,20250331,030000,2.3513,2.3572,2.1813,2.2671,302036669.44
SUIUSDTSWAP,1440,20250401,030000,2.2671,2.5275,2.2515,2.4073,291204778.19
SUIUSDTSWAP,1440,20250402,030000,2.4072,2.5512,2.2508,2.3073,378151749.26
SUIUSDTSWAP,1440,20250403,030000,2.3072,2.4385,2.1817,2.2632,320057418.82
SUIUSDTSWAP,1440,20250404,030000,2.2633,2.303,2.1283,2.2576,328530110.44
SUIUSDTSWAP,1440,20250405,030000,2.2576,2.2776,2.1816,2.2161,104024834.91
SUIUSDTSWAP,1440,20250406,030000,2.2162,2.2242,1.8822,1.9213,241250776.03
SUIUSDTSWAP,1440,20250407,030000,1.9212,2.0936,1.7175,2.0194,425627122.47
SUIUSDTSWAP,1440,20250408,030000,2.0195,2.1028,1.923,1.9309,253311602.2
SUIUSDTSWAP,1440,20250409,030000,1.931,2.2888,1.8607,2.2216,381126009.78
SUIUSDTSWAP,1440,20250410,030000,2.2215,2.2309,2.051,2.1128,240999505.25
SUIUSDTSWAP,1440,20250411,030000,2.1127,2.2496,2.0959,2.188,172003338.79
SUIUSDTSWAP,1440,20250412,030000,2.1879,2.399,2.1571,2.3463,156539337.54
SUIUSDTSWAP,1440,20250413,030000,2.3464,2.4166,2.1999,2.2332,194778007.62
SUIUSDTSWAP,1440,20250414,030000,2.2333,2.3511,2.17,2.1925,193239214.82
SUIUSDTSWAP,1440,20250415,030000,2.1925,2.2498,2.0836,2.0889,214601785.99
SUIUSDTSWAP,1440,20250416,030000,2.0889,2.1364,2.0207,2.055,163504116.68
SUIUSDTSWAP,1440,20250417,030000,2.0551,2.1712,2.0435,2.1226,113762514.29
SUIUSDTSWAP,1440,20250418,030000,2.1227,2.1541,2.0945,2.12,81445264.96
SUIUSDTSWAP,1440,20250419,030000,2.1201,2.1787,2.1111,2.1548,67948155.55
SUIUSDTSWAP,1440,20250420,030000,2.1548,2.1725,2.0811,2.1133,91402797.69
SUIUSDTSWAP,1440,20250421,030000,2.1132,2.2848,2.1089,2.1963,196894571.97
SUIUSDTSWAP,1440,20250422,030000,2.1966,2.7474,2.1674,2.6674,275739226.56
SUIUSDTSWAP,1440,20250423,030000,2.6675,3.0795,2.6675,2.9649,702922071.86
SUIUSDTSWAP,1440,20250424,030000,2.9649,3.3928,2.8938,3.3431,816667108.8
SUIUSDTSWAP,1440,20250425,030000,3.3432,3.8079,3.2681,3.5172,957919623.95
SUIUSDTSWAP,1440,20250426,030000,3.5174,3.6477,3.354,3.5187,393312671.18
SUIUSDTSWAP,1440,20250427,030000,3.5184,3.6537,3.423,3.5564,435512727.57
SUIUSDTSWAP,1440,20250428,030000,3.5565,3.875,3.3966,3.5249,721824316.56
SUIUSDTSWAP,1440,20250429,030000,3.525,3.6312,3.4255,3.5299,436464780.9
SUIUSDTSWAP,1440,20250430,030000,3.5299,3.6024,3.2728,3.5032,454860365.41
SUIUSDTSWAP,1440,20250501,030000,3.5031,3.7668,3.4512,3.5498,384911194.15
SUIUSDTSWAP,1440,20250502,030000,3.5499,3.5706,3.3894,3.4239,356633156.41
SUIUSDTSWAP,1440,20250503,030000,3.4239,3.4598,3.26,3.3336,297554786.18
SUIUSDTSWAP,1440,20250504,030000,3.334,3.3572,3.1521,3.273,306079273.61
SUIUSDTSWAP,1440,20250505,030000,3.2732,3.4949,3.2073,3.4204,476340086.01
SUIUSDTSWAP,1440,20250506,030000,3.4204,3.4257,3.1119,3.3428,507647935.28
SUIUSDTSWAP,1440,20250507,030000,3.3429,3.4458,3.2311,3.329,373704826.83
SUIUSDTSWAP,1440,20250508,030000,3.3289,4.1089,3.3132,4.0325,647394142.42
SUIUSDTSWAP,1440,20250509,030000,4.0324,4.0757,3.8116,3.9475,560082331.14
SUIUSDTSWAP,1440,20250510,030000,3.9475,4.1566,3.824,4.1196,425572881.34
SUIUSDTSWAP,1440,20250511,030000,4.119,4.2766,3.88,4.0151,435742650.26
SUIUSDTSWAP,1440,20250512,030000,4.0151,4.2969,3.8051,3.9607,602709090.14
SUIUSDTSWAP,1440,20250513,030000,3.9607,4.1106,3.8111,4.0613,378507226.42
SUIUSDTSWAP,1440,20250514,030000,4.0609,4.0818,3.8501,3.9136,284467312.0
SUIUSDTSWAP,1440,20250515,030000,3.9138,3.9583,3.641,3.8463,445642015.15
SUIUSDTSWAP,1440,20250516,030000,3.8462,3.9495,3.7301,3.7794,272727834.23
SUIUSDTSWAP,1440,20250517,030000,3.7795,3.8622,3.669,3.7992,232255611.65
SUIUSDTSWAP,1440,20250518,030000,3.7991,4.0044,3.6834,3.9403,344498699.07
SUIUSDTSWAP,1440,20250519,030000,3.9404,3.971,3.5829,3.8352,377155973.12
SUIUSDTSWAP,1440,20250520,030000,3.8361,3.9398,3.7774,3.8529,310380166.78
SUIUSDTSWAP,1440,20250521,030000,3.8525,4.0692,3.7952,3.9276,338577709.88
SUIUSDTSWAP,1440,20250522,030000,3.9274,4.1997,3.7147,3.8911,791704822.96
SUIUSDTSWAP,1440,20250523,030000,3.8911,3.9636,3.5326,3.5818,537639598.36
SUIUSDTSWAP,1440,20250524,030000,3.5816,3.6962,3.5672,3.6255,153145075.67
SUIUSDTSWAP,1440,20250525,030000,3.6256,3.6661,3.436,3.599,252255387.33
SUIUSDTSWAP,1440,20250526,030000,3.5991,3.66,3.4524,3.489,171475167.69
SUIUSDTSWAP,1440,20250527,030000,3.4892,3.7333,3.4023,3.67,279224409.35
SUIUSDTSWAP,1440,20250528,030000,3.6702,3.7442,3.5122,3.604,230075794.63
SUIUSDTSWAP,1440,20250529,030000,3.6039,3.7279,3.5065,3.524,230068463.92
SUIUSDTSWAP,1440,20250530,030000,3.5238,3.5491,3.1689,3.1862,347509949.83
SUIUSDTSWAP,1440,20250531,030000,3.1863,3.3119,3.0506,3.2443,216169097.23
SUIUSDTSWAP,1440,20250601,030000,3.2442,3.3625,3.1835,3.3411,147405206.85
SUIUSDTSWAP,1440,20250602,030000,3.3413,3.3689,3.2213,3.329,164194165.06
SUIUSDTSWAP,1440,20250603,030000,3.3291,3.39,3.211,3.249,146327068.31
SUIUSDTSWAP,1440,20250604,030000,3.2491,3.29,3.1658,3.2172,116111156.73