<TICKER>,<PER>,<DATE>,<TIME>,<OPEN>,<HIGH>,<LOW>,<CLOSE>,<VOL>
SWEATUSDTSWAP,1440,20250225,030000,0.006264,0.00658,0.006103,0.006391,103776.35
SWEATUSDTSWAP,1440,20250226,030000,0.00639,0.006481,0.006131,0.006321,56543.78
SWEATUSDTSWAP,1440,20250227,030000,0.006329,0.006557,0.006177,0.0064,39534.95
SWEATUSDTSWAP,1440,20250228,030000,0.0064,0.006653,0.005952,0.006416,97242.63
SWEATUSDTSWAP,1440,20250301,030000,0.006417,0.006511,0.006106,0.006302,44347.7
SWEATUSDTSWAP,1440,20250302,030000,0.006304,0.006597,0.006217,0.006516,54547.12
SWEATUSDTSWAP,1440,20250303,030000,0.006515,0.00658,0.005929,0.006009,56367.06
SWEATUSDTSWAP,1440,20250304,030000,0.00601,0.006321,0.005638,0.006204,49662.97
SWEATUSDTSWAP,1440,20250305,030000,0.006204,0.006345,0.006138,0.006242,25587.96
SWEATUSDTSWAP,1440,20250306,030000,0.006242,0.006352,0.006073,0.006096,23946.94
SWEATUSDTSWAP,1440,20250307,030000,0.006097,0.006146,0.005839,0.005875,22670.07
SWEATUSDTSWAP,1440,20250308,030000,0.005876,0.005962,0.005718,0.005778,10483.41
SWEATUSDTSWAP,1440,20250309,030000,0.005779,0.005827,0.005276,0.005415,14418.75
SWEATUSDTSWAP,1440,20250310,030000,0.005416,0.005645,0.004852,0.004988,17190.03
SWEATUSDTSWAP,1440,20250311,030000,0.004989,0.005074,0.00456,0.005027,25601.98
SWEATUSDTSWAP,1440,20250312,030000,0.005028,0.005134,0.004853,0.005042,18179.84
SWEATUSDTSWAP,1440,20250313,030000,0.005035,0.005241,0.00492,0.005035,13815.93
SWEATUSDTSWAP,1440,20250314,030000,0.00504,0.005311,0.005001,0.005251,10094.62
SWEATUSDTSWAP,1440,20250315,030000,0.005248,0.005308,0.005183,0.00524,6085.54
SWEATUSDTSWAP,1440,20250316,030000,0.005238,0.005249,0.005017,0.005045,7004.5
SWEATUSDTSWAP,1440,20250317,030000,0.005051,0.00531,0.005048,0.005262,5976.88
SWEATUSDTSWAP,1440,20250318,030000,0.005261,0.005297,0.004613,0.004781,19863.77
SWEATUSDTSWAP,1440,20250319,030000,0.004779,0.005199,0.004717,0.004975,19942.77
SWEATUSDTSWAP,1440,20250320,030000,0.004975,0.005181,0.00479,0.00514,23335.03
SWEATUSDTSWAP,1440,20250321,030000,0.005141,0.005577,0.005002,0.005029,56067.9
SWEATUSDTSWAP,1440,20250322,030000,0.005029,0.005272,0.004983,0.005168,10733.27
SWEATUSDTSWAP,1440,20250323,030000,0.005166,0.005245,0.00505,0.005095,4545.86
SWEATUSDTSWAP,1440,20250324,030000,0.005096,0.005298,0.00503,0.005087,10334.58
SWEATUSDTSWAP,1440,20250325,030000,0.005087,0.005342,0.005072,0.005172,12824.94
SWEATUSDTSWAP,1440,20250326,030000,0.005171,0.005296,0.004911,0.004933,9518.4
SWEATUSDTSWAP,1440,20250327,030000,0.004933,0.005111,0.004879,0.004931,13049.3
SWEATUSDTSWAP,1440,20250328,030000,0.004929,0.0066,0.004731,0.005462,673684.74
SWEATUSDTSWAP,1440,20250329,030000,0.005461,0.005566,0.005008,0.005133,126251.88
SWEATUSDTSWAP,1440,20250330,030000,0.005133,0.005199,0.004993,0.005067,30022.52
SWEATUSDTSWAP,1440,20250331,030000,0.005068,0.005144,0.004675,0.00488,43446.98
SWEATUSDTSWAP,1440,20250401,030000,0.004878,0.004934,0.004611,0.004671,33905.47
SWEATUSDTSWAP,1440,20250402,030000,0.004672,0.00468,0.004361,0.004427,21614.51
SWEATUSDTSWAP,1440,20250403,030000,0.00443,0.004502,0.004191,0.004367,13728.16
SWEATUSDTSWAP,1440,20250404,030000,0.004368,0.004436,0.004189,0.004366,13394.0
SWEATUSDTSWAP,1440,20250405,030000,0.004367,0.004404,0.00427,0.004347,6293.1
SWEATUSDTSWAP,1440,20250406,030000,0.004345,0.004384,0.003666,0.0038,15312.98
SWEATUSDTSWAP,1440,20250407,030000,0.003799,0.003945,0.003418,0.003804,18604.89
SWEATUSDTSWAP,1440,20250408,030000,0.003803,0.003909,0.003619,0.003667,8134.83
SWEATUSDTSWAP,1440,20250409,030000,0.003666,0.004052,0.003534,0.004041,10943.02
SWEATUSDTSWAP,1440,20250410,030000,0.004041,0.004092,0.003891,0.004,7694.62
SWEATUSDTSWAP,1440,20250411,030000,0.004001,0.00416,0.003989,0.004111,4421.75
SWEATUSDTSWAP,1440,20250412,030000,0.004108,0.004211,0.004001,0.004204,7361.87
SWEATUSDTSWAP,1440,20250413,030000,0.004203,0.004213,0.003753,0.003796,7052.1
SWEATUSDTSWAP,1440,20250414,030000,0.003796,0.004072,0.003793,0.003838,8673.28
SWEATUSDTSWAP,1440,20250415,030000,0.003839,0.003912,0.003757,0.003805,5854.97
SWEATUSDTSWAP,1440,20250416,030000,0.003805,0.004082,0.003763,0.003891,14033.29
SWEATUSDTSWAP,1440,20250417,030000,0.003892,0.004131,0.003865,0.00395,13519.26
SWEATUSDTSWAP,1440,20250418,030000,0.00395,0.004208,0.003935,0.004184,10736.94
SWEATUSDTSWAP,1440,20250419,030000,0.004181,0.004317,0.00407,0.00417,8624.1
SWEATUSDTSWAP,1440,20250420,030000,0.004172,0.004232,0.004118,0.004146,4921.85
SWEATUSDTSWAP,1440,20250421,030000,0.00415,0.004417,0.004124,0.004279,10109.27
SWEATUSDTSWAP,1440,20250422,030000,0.004278,0.004406,0.004069,0.004382,15771.76
SWEATUSDTSWAP,1440,20250423,030000,0.004385,0.004579,0.004354,0.004455,11914.27
SWEATUSDTSWAP,1440,20250424,030000,0.004454,0.004544,0.00426,0.004419,15016.75
SWEATUSDTSWAP,1440,20250425,030000,0.004422,0.004573,0.004345,0.00452,15266.89
SWEATUSDTSWAP,1440,20250426,030000,0.004518,0.004868,0.004482,0.004755,14694.8
SWEATUSDTSWAP,1440,20250427,030000,0.004754,0.004808,0.004573,0.004791,12177.86
SWEATUSDTSWAP,1440,20250428,030000,0.00479,0.004846,0.004601,0.00481,16281.54
SWEATUSDTSWAP,1440,20250429,030000,0.004815,0.004845,0.0046,0.00464,7802.9
SWEATUSDTSWAP,1440,20250430,030000,0.00464,0.004752,0.004552,0.00463,6080.26
SWEATUSDTSWAP,1440,20250501,030000,0.004634,0.004914,0.004633,0.0048,9481.88
SWEATUSDTSWAP,1440,20250502,030000,0.004802,0.005011,0.004796,0.004882,7463.73
SWEATUSDTSWAP,1440,20250503,030000,0.004883,0.004898,0.004625,0.004668,4750.54
SWEATUSDTSWAP,1440,20250504,030000,0.004668,0.004695,0.004365,0.004404,5552.19
SWEATUSDTSWAP,1440,20250505,030000,0.004407,0.004525,0.004364,0.004419,3958.26
SWEATUSDTSWAP,1440,20250506,030000,0.004419,0.004488,0.00416,0.004275,4050.78
SWEATUSDTSWAP,1440,20250507,030000,0.004276,0.004377,0.004233,0.004306,3641.73
SWEATUSDTSWAP,1440,20250508,030000,0.004309,0.004655,0.004306,0.004604,4500.08
SWEATUSDTSWAP,1440,20250509,030000,0.004606,0.004836,0.004582,0.004764,7305.19
SWEATUSDTSWAP,1440,20250510,030000,0.004763,0.004888,0.004705,0.004879,9117.98
SWEATUSDTSWAP,1440,20250511,030000,0.004875,0.004976,0.00472,0.004817,12469.25
SWEATUSDTSWAP,1440,20250512,030000,0.004817,0.005235,0.004567,0.0051,18718.39
SWEATUSDTSWAP,1440,20250513,030000,0.005098,0.00514,0.004715,0.004995,25333.73
SWEATUSDTSWAP,1440,20250514,030000,0.00499,0.005217,0.004828,0.004898,17243.39
SWEATUSDTSWAP,1440,20250515,030000,0.004898,0.004965,0.004328,0.004411,17118.43
SWEATUSDTSWAP,1440,20250516,030000,0.004415,0.004587,0.004381,0.004456,11855.02
SWEATUSDTSWAP,1440,20250517,030000,0.004452,0.004467,0.004258,0.004372,8206.28
SWEATUSDTSWAP,1440,20250518,030000,0.004368,0.00461,0.004337,0.004558,9538.81
SWEATUSDTSWAP,1440,20250519,030000,0.004559,0.00458,0.00432,0.004461,13973.73
SWEATUSDTSWAP,1440,20250520,030000,0.004461,0.004494,0.004183,0.00434,11392.62
SWEATUSDTSWAP,1440,20250521,030000,0.004337,0.004457,0.004251,0.004364,9561.08
SWEATUSDTSWAP,1440,20250522,030000,0.004363,0.004963,0.004359,0.004781,19426.56
SWEATUSDTSWAP,1440,20250523,030000,0.004783,0.004803,0.004363,0.00438,18724.23
SWEATUSDTSWAP,1440,20250524,030000,0.004381,0.004439,0.004218,0.00423,9172.07
SWEATUSDTSWAP,1440,20250525,030000,0.004228,0.004674,0.004026,0.004238,77745.35
SWEATUSDTSWAP,1440,20250526,030000,0.004239,0.00439,0.004146,0.004205,18152.0
SWEATUSDTSWAP,1440,20250527,030000,0.004206,0.004222,0.004041,0.00407,10859.72
SWEATUSDTSWAP,1440,20250528,030000,0.004069,0.004154,0.003887,0.003992,10652.29
SWEATUSDTSWAP,1440,20250529,030000,0.003995,0.00408,0.0039,0.003924,6839.48
SWEATUSDTSWAP,1440,20250530,030000,0.003923,0.00394,0.0034,0.003437,15305.78
SWEATUSDTSWAP,1440,20250531,030000,0.003438,0.003509,0.003282,0.003482,5841.74
SWEATUSDTSWAP,1440,20250601,030000,0.003483,0.003531,0.003417,0.003518,3732.75
SWEATUSDTSWAP,1440,20250602,030000,0.003516,0.003558,0.003436,0.003543,4436.23
SWEATUSDTSWAP,1440,20250603,030000,0.003543,0.003586,0.003362,0.003402,14365.8
SWEATUSDTSWAP,1440,20250604,030000,0.003401,0.003495,0.003188,0.0032,16565.66