<TICKER>,<PER>,<DATE>,<TIME>,<OPEN>,<HIGH>,<LOW>,<CLOSE>,<VOL>
SWEATUSDTSWAP,3,20250604,172700,0.003217,0.003222,0.003214,0.00322,24.08
SWEATUSDTSWAP,3,20250604,173000,0.003219,0.003221,0.003214,0.003216,5.53
SWEATUSDTSWAP,3,20250604,173300,0.003216,0.003227,0.003216,0.003219,26.67
SWEATUSDTSWAP,3,20250604,173600,0.003218,0.003218,0.003214,0.003218,2.76
SWEATUSDTSWAP,3,20250604,173900,0.003216,0.003226,0.003216,0.003226,4.04
SWEATUSDTSWAP,3,20250604,174200,0.003224,0.003229,0.003214,0.003216,16.74
SWEATUSDTSWAP,3,20250604,174500,0.003217,0.003225,0.003217,0.003225,2.98
SWEATUSDTSWAP,3,20250604,174800,0.003227,0.003234,0.003227,0.003227,8.81
SWEATUSDTSWAP,3,20250604,175100,0.003229,0.003236,0.003229,0.003236,3.82
SWEATUSDTSWAP,3,20250604,175400,0.003239,0.003249,0.003239,0.003249,16.5
SWEATUSDTSWAP,3,20250604,175700,0.003246,0.003249,0.003243,0.003248,17.17
SWEATUSDTSWAP,3,20250604,180000,0.003247,0.00328,0.003245,0.003255,98.09
SWEATUSDTSWAP,3,20250604,180300,0.003252,0.003257,0.00325,0.003255,12.26
SWEATUSDTSWAP,3,20250604,180600,0.003257,0.003278,0.003257,0.003261,50.76
SWEATUSDTSWAP,3,20250604,180900,0.003265,0.003274,0.00326,0.003272,24.94
SWEATUSDTSWAP,3,20250604,181200,0.003274,0.003281,0.003271,0.003279,20.18
SWEATUSDTSWAP,3,20250604,181500,0.003281,0.003289,0.003278,0.003279,17.76
SWEATUSDTSWAP,3,20250604,181800,0.00328,0.003283,0.003275,0.00328,9.91
SWEATUSDTSWAP,3,20250604,182100,0.003281,0.003287,0.00328,0.003286,7.5
SWEATUSDTSWAP,3,20250604,182400,0.003286,0.003292,0.003284,0.003284,6.96
SWEATUSDTSWAP,3,20250604,182700,0.003283,0.003291,0.003283,0.003283,22.29
SWEATUSDTSWAP,3,20250604,183000,0.003281,0.003285,0.003277,0.003285,16.16
SWEATUSDTSWAP,3,20250604,183300,0.003285,0.003289,0.00328,0.00328,18.35
SWEATUSDTSWAP,3,20250604,183600,0.003284,0.003287,0.003283,0.003286,9.73
SWEATUSDTSWAP,3,20250604,183900,0.003283,0.003283,0.003278,0.003279,3.26
SWEATUSDTSWAP,3,20250604,184200,0.003279,0.003281,0.003274,0.003276,6.75
SWEATUSDTSWAP,3,20250604,184500,0.003278,0.003288,0.003277,0.003288,15.24
SWEATUSDTSWAP,3,20250604,184800,0.003283,0.003289,0.00328,0.003283,9.23
SWEATUSDTSWAP,3,20250604,185100,0.003281,0.003282,0.003278,0.003278,5.22
SWEATUSDTSWAP,3,20250604,185400,0.003276,0.003282,0.003274,0.003282,18.93
SWEATUSDTSWAP,3,20250604,185700,0.00328,0.003284,0.003274,0.003281,16.63
SWEATUSDTSWAP,3,20250604,190000,0.00328,0.003283,0.003277,0.003277,1.85
SWEATUSDTSWAP,3,20250604,190300,0.003276,0.003279,0.003269,0.003269,19.22
SWEATUSDTSWAP,3,20250604,190600,0.003268,0.003272,0.003262,0.003262,2.98
SWEATUSDTSWAP,3,20250604,190900,0.003263,0.00327,0.003263,0.00327,4.17
SWEATUSDTSWAP,3,20250604,191200,0.003271,0.003271,0.00327,0.00327,0.89
SWEATUSDTSWAP,3,20250604,191500,0.00327,0.003275,0.003269,0.003271,20.58
SWEATUSDTSWAP,3,20250604,191800,0.003268,0.003268,0.003261,0.003268,7.47
SWEATUSDTSWAP,3,20250604,192100,0.00327,0.003279,0.003266,0.003266,27.34
SWEATUSDTSWAP,3,20250604,192400,0.003267,0.003271,0.003266,0.003271,3.17
SWEATUSDTSWAP,3,20250604,192700,0.003269,0.003278,0.003269,0.003272,8.25
SWEATUSDTSWAP,3,20250604,193000,0.003271,0.003274,0.003269,0.003272,4.25
SWEATUSDTSWAP,3,20250604,193300,0.00327,0.003277,0.00327,0.003274,0.53
SWEATUSDTSWAP,3,20250604,193600,0.003273,0.003276,0.003268,0.003268,12.73
SWEATUSDTSWAP,3,20250604,193900,0.003269,0.003277,0.003269,0.003271,5.03
SWEATUSDTSWAP,3,20250604,194200,0.00327,0.003273,0.003267,0.00327,1.74
SWEATUSDTSWAP,3,20250604,194500,0.003269,0.003269,0.003263,0.003267,0.75
SWEATUSDTSWAP,3,20250604,194800,0.003265,0.00327,0.003265,0.00327,0.68
SWEATUSDTSWAP,3,20250604,195100,0.003269,0.003271,0.003268,0.00327,0.54
SWEATUSDTSWAP,3,20250604,195400,0.003268,0.003272,0.003267,0.003268,3.31
SWEATUSDTSWAP,3,20250604,195700,0.003267,0.003267,0.003263,0.003264,2.87
SWEATUSDTSWAP,3,20250604,200000,0.003264,0.003264,0.003256,0.00326,0.36
SWEATUSDTSWAP,3,20250604,200300,0.003259,0.00326,0.003256,0.003257,1.95
SWEATUSDTSWAP,3,20250604,200600,0.003256,0.003258,0.003253,0.003257,3.11
SWEATUSDTSWAP,3,20250604,200900,0.003256,0.003256,0.003247,0.003247,2.23
SWEATUSDTSWAP,3,20250604,201200,0.003247,0.003252,0.003245,0.00325,17.84
SWEATUSDTSWAP,3,20250604,201500,0.003247,0.003247,0.003238,0.003241,16.34
SWEATUSDTSWAP,3,20250604,201800,0.003237,0.003242,0.003236,0.003237,15.86
SWEATUSDTSWAP,3,20250604,202100,0.003238,0.003246,0.003237,0.003241,2.29
SWEATUSDTSWAP,3,20250604,202400,0.003237,0.003237,0.003233,0.003233,1.92
SWEATUSDTSWAP,3,20250604,202700,0.003234,0.003235,0.003224,0.003225,6.94
SWEATUSDTSWAP,3,20250604,203000,0.003227,0.003227,0.003205,0.003207,11.07
SWEATUSDTSWAP,3,20250604,203300,0.003204,0.003218,0.003203,0.003217,6.29
SWEATUSDTSWAP,3,20250604,203600,0.003215,0.003215,0.003212,0.003213,3.55
SWEATUSDTSWAP,3,20250604,203900,0.003214,0.003224,0.003214,0.003224,4.26
SWEATUSDTSWAP,3,20250604,204200,0.003223,0.003229,0.003217,0.00322,23.34
SWEATUSDTSWAP,3,20250604,204500,0.003219,0.003221,0.003216,0.003219,45.4
SWEATUSDTSWAP,3,20250604,204800,0.00322,0.003227,0.003219,0.003227,2.34
SWEATUSDTSWAP,3,20250604,205100,0.003222,0.003225,0.003221,0.003221,0.71
SWEATUSDTSWAP,3,20250604,205400,0.003223,0.003225,0.003223,0.003225,4.73
SWEATUSDTSWAP,3,20250604,205700,0.003225,0.003225,0.003219,0.00322,18.73
SWEATUSDTSWAP,3,20250604,210000,0.003222,0.003238,0.003222,0.003232,52.93
SWEATUSDTSWAP,3,20250604,210300,0.003229,0.003229,0.003223,0.003223,8.73
SWEATUSDTSWAP,3,20250604,210600,0.003226,0.003226,0.003215,0.003215,1.8
SWEATUSDTSWAP,3,20250604,210900,0.003216,0.003223,0.003216,0.00322,13.08
SWEATUSDTSWAP,3,20250604,211200,0.003219,0.003219,0.003218,0.003219,1.01
SWEATUSDTSWAP,3,20250604,211500,0.003218,0.003219,0.003216,0.003216,3.11
SWEATUSDTSWAP,3,20250604,211800,0.003216,0.003221,0.003214,0.00322,23.53
SWEATUSDTSWAP,3,20250604,212100,0.003218,0.003221,0.003217,0.00322,2.94
SWEATUSDTSWAP,3,20250604,212400,0.003219,0.003219,0.003217,0.003219,5.54
SWEATUSDTSWAP,3,20250604,212700,0.003221,0.003223,0.003218,0.003221,3.58
SWEATUSDTSWAP,3,20250604,213000,0.00322,0.003221,0.003217,0.00322,10.73
SWEATUSDTSWAP,3,20250604,213300,0.003219,0.003219,0.003214,0.003217,5.79
SWEATUSDTSWAP,3,20250604,213600,0.003218,0.003229,0.003217,0.003229,26.91
SWEATUSDTSWAP,3,20250604,213900,0.003226,0.003226,0.003226,0.003226,2.27
SWEATUSDTSWAP,3,20250604,214200,0.003224,0.003226,0.003224,0.003226,2.45
SWEATUSDTSWAP,3,20250604,214500,0.003228,0.003229,0.003225,0.003229,2.32
SWEATUSDTSWAP,3,20250604,214800,0.003227,0.003231,0.003224,0.003226,5.21
SWEATUSDTSWAP,3,20250604,215100,0.003224,0.003226,0.003217,0.003217,3.19
SWEATUSDTSWAP,3,20250604,215400,0.003218,0.003218,0.003211,0.003211,0.5
SWEATUSDTSWAP,3,20250604,215700,0.00321,0.00321,0.003201,0.003201,5.83
SWEATUSDTSWAP,3,20250604,220000,0.003202,0.003205,0.003201,0.003201,1.83
SWEATUSDTSWAP,3,20250604,220300,0.003202,0.003205,0.0032,0.003205,6.56
SWEATUSDTSWAP,3,20250604,220600,0.003204,0.003204,0.0032,0.003203,1.25
SWEATUSDTSWAP,3,20250604,220900,0.0032,0.003202,0.0032,0.003202,1.12
SWEATUSDTSWAP,3,20250604,221200,0.003204,0.003204,0.003196,0.003196,3.07
SWEATUSDTSWAP,3,20250604,221500,0.003198,0.003198,0.003191,0.003193,4.6
SWEATUSDTSWAP,3,20250604,221800,0.003195,0.003199,0.003195,0.003196,3.93
SWEATUSDTSWAP,3,20250604,222100,0.003197,0.003208,0.003197,0.003202,84.97
SWEATUSDTSWAP,3,20250604,222400,0.003201,0.003201,0.0032,0.0032,0.12