<TICKER>,<PER>,<DATE>,<TIME>,<OPEN>,<HIGH>,<LOW>,<CLOSE>,<VOL>
SWELLUSDTSWAP,60,20250531,190000,0.008816,0.00892,0.008789,0.008855,168.82
SWELLUSDTSWAP,60,20250531,200000,0.008852,0.008871,0.008727,0.008732,143.07
SWELLUSDTSWAP,60,20250531,210000,0.008731,0.008826,0.008721,0.008786,103.1
SWELLUSDTSWAP,60,20250531,220000,0.008793,0.008881,0.008777,0.00885,114.88
SWELLUSDTSWAP,60,20250531,230000,0.008852,0.008913,0.008844,0.008903,86.96
SWELLUSDTSWAP,60,20250601,000000,0.008906,0.008955,0.008891,0.008919,68.75
SWELLUSDTSWAP,60,20250601,010000,0.008919,0.009076,0.00888,0.009001,176.95
SWELLUSDTSWAP,60,20250601,020000,0.009001,0.009062,0.008938,0.00897,164.88
SWELLUSDTSWAP,60,20250601,030000,0.008969,0.009064,0.008942,0.008992,201.59
SWELLUSDTSWAP,60,20250601,040000,0.008991,0.00909,0.008984,0.009007,113.39
SWELLUSDTSWAP,60,20250601,050000,0.009003,0.009042,0.008856,0.00903,320.82
SWELLUSDTSWAP,60,20250601,060000,0.009034,0.00907,0.008957,0.008976,159.5
SWELLUSDTSWAP,60,20250601,070000,0.008985,0.009182,0.008933,0.009156,153.01
SWELLUSDTSWAP,60,20250601,080000,0.009156,0.009222,0.009117,0.009141,304.42
SWELLUSDTSWAP,60,20250601,090000,0.00914,0.009144,0.009048,0.009059,142.38
SWELLUSDTSWAP,60,20250601,100000,0.009051,0.009069,0.008989,0.009012,176.49
SWELLUSDTSWAP,60,20250601,110000,0.009017,0.009027,0.008862,0.008887,211.69
SWELLUSDTSWAP,60,20250601,120000,0.008888,0.008962,0.008787,0.00884,497.59
SWELLUSDTSWAP,60,20250601,130000,0.008837,0.008952,0.008799,0.008928,235.13
SWELLUSDTSWAP,60,20250601,140000,0.008926,0.009056,0.008882,0.008993,132.35
SWELLUSDTSWAP,60,20250601,150000,0.008992,0.009063,0.00893,0.008981,288.19
SWELLUSDTSWAP,60,20250601,160000,0.00898,0.00931,0.008947,0.00927,328.13
SWELLUSDTSWAP,60,20250601,170000,0.009266,0.00946,0.009252,0.009434,725.17
SWELLUSDTSWAP,60,20250601,180000,0.009433,0.00944,0.009308,0.009359,318.0
SWELLUSDTSWAP,60,20250601,190000,0.009358,0.009815,0.009345,0.009674,1374.56
SWELLUSDTSWAP,60,20250601,200000,0.009678,0.009794,0.009602,0.009632,762.48
SWELLUSDTSWAP,60,20250601,210000,0.00963,0.009799,0.009564,0.009712,918.5
SWELLUSDTSWAP,60,20250601,220000,0.009715,0.009828,0.009653,0.009794,729.73
SWELLUSDTSWAP,60,20250601,230000,0.009796,0.009899,0.00976,0.009837,306.36
SWELLUSDTSWAP,60,20250602,000000,0.00983,0.009832,0.009626,0.009723,237.11
SWELLUSDTSWAP,60,20250602,010000,0.009712,0.009754,0.009652,0.009715,208.7
SWELLUSDTSWAP,60,20250602,020000,0.009715,0.009837,0.009705,0.009837,186.03
SWELLUSDTSWAP,60,20250602,030000,0.00983,0.009836,0.009673,0.009696,245.48
SWELLUSDTSWAP,60,20250602,040000,0.009698,0.009746,0.009609,0.009662,169.49
SWELLUSDTSWAP,60,20250602,050000,0.009665,0.009669,0.009516,0.009576,173.13
SWELLUSDTSWAP,60,20250602,060000,0.009578,0.009584,0.009453,0.009457,332.8
SWELLUSDTSWAP,60,20250602,070000,0.009458,0.009529,0.00937,0.009376,215.29
SWELLUSDTSWAP,60,20250602,080000,0.009378,0.009495,0.009356,0.009468,283.43
SWELLUSDTSWAP,60,20250602,090000,0.009467,0.009532,0.009404,0.009473,106.05
SWELLUSDTSWAP,60,20250602,100000,0.009478,0.009582,0.009468,0.009533,82.31
SWELLUSDTSWAP,60,20250602,110000,0.009526,0.009572,0.009443,0.009466,75.0
SWELLUSDTSWAP,60,20250602,120000,0.009476,0.009476,0.009298,0.009327,163.22
SWELLUSDTSWAP,60,20250602,130000,0.009328,0.009363,0.009225,0.009254,174.23
SWELLUSDTSWAP,60,20250602,140000,0.009254,0.009307,0.009225,0.009284,92.75
SWELLUSDTSWAP,60,20250602,150000,0.009293,0.009402,0.009278,0.009402,108.18
SWELLUSDTSWAP,60,20250602,160000,0.009399,0.00944,0.009308,0.009352,412.31
SWELLUSDTSWAP,60,20250602,170000,0.009348,0.009605,0.009285,0.009589,427.69
SWELLUSDTSWAP,60,20250602,180000,0.009595,0.009625,0.009452,0.009599,299.66
SWELLUSDTSWAP,60,20250602,190000,0.009608,0.009629,0.009504,0.009622,129.76
SWELLUSDTSWAP,60,20250602,200000,0.009623,0.009715,0.00957,0.009706,143.68
SWELLUSDTSWAP,60,20250602,210000,0.009708,0.009824,0.009684,0.009734,136.46
SWELLUSDTSWAP,60,20250602,220000,0.009737,0.009772,0.00953,0.009567,241.01
SWELLUSDTSWAP,60,20250602,230000,0.009569,0.00992,0.009569,0.009914,303.33
SWELLUSDTSWAP,60,20250603,000000,0.009918,0.010071,0.009855,0.009896,195.93
SWELLUSDTSWAP,60,20250603,010000,0.009893,0.009974,0.009829,0.009829,177.82
SWELLUSDTSWAP,60,20250603,020000,0.009831,0.009841,0.00974,0.009787,305.34
SWELLUSDTSWAP,60,20250603,030000,0.009784,0.009895,0.009705,0.009836,249.29
SWELLUSDTSWAP,60,20250603,040000,0.009834,0.009926,0.009806,0.009908,207.36
SWELLUSDTSWAP,60,20250603,050000,0.00991,0.009954,0.009782,0.009792,194.06
SWELLUSDTSWAP,60,20250603,060000,0.009791,0.009804,0.009671,0.009731,143.66
SWELLUSDTSWAP,60,20250603,070000,0.009736,0.009763,0.009673,0.009743,142.42
SWELLUSDTSWAP,60,20250603,080000,0.009744,0.009871,0.009744,0.00983,139.5
SWELLUSDTSWAP,60,20250603,090000,0.009828,0.009861,0.009728,0.009771,101.99
SWELLUSDTSWAP,60,20250603,100000,0.009779,0.00978,0.009678,0.009678,52.34
SWELLUSDTSWAP,60,20250603,110000,0.009685,0.009735,0.009564,0.009702,161.56
SWELLUSDTSWAP,60,20250603,120000,0.009705,0.010047,0.009695,0.00999,605.08
SWELLUSDTSWAP,60,20250603,130000,0.009986,0.010006,0.009888,0.009986,190.11
SWELLUSDTSWAP,60,20250603,140000,0.009968,0.01007,0.009931,0.009954,206.63
SWELLUSDTSWAP,60,20250603,150000,0.009956,0.010105,0.009897,0.009962,132.43
SWELLUSDTSWAP,60,20250603,160000,0.009964,0.010016,0.009844,0.009851,323.1
SWELLUSDTSWAP,60,20250603,170000,0.009849,0.00989,0.009781,0.009873,172.19
SWELLUSDTSWAP,60,20250603,180000,0.009876,0.009894,0.009704,0.009726,178.36
SWELLUSDTSWAP,60,20250603,190000,0.009729,0.009814,0.009594,0.009627,536.96
SWELLUSDTSWAP,60,20250603,200000,0.00963,0.009686,0.009587,0.009668,180.0
SWELLUSDTSWAP,60,20250603,210000,0.009663,0.009678,0.009401,0.009561,368.98
SWELLUSDTSWAP,60,20250603,220000,0.009553,0.009727,0.009547,0.009702,384.23
SWELLUSDTSWAP,60,20250603,230000,0.009698,0.009707,0.009494,0.009495,485.71
SWELLUSDTSWAP,60,20250604,000000,0.009492,0.009566,0.009434,0.009464,400.79
SWELLUSDTSWAP,60,20250604,010000,0.009462,0.009567,0.009447,0.009526,697.3
SWELLUSDTSWAP,60,20250604,020000,0.009527,0.009554,0.009391,0.009405,683.18
SWELLUSDTSWAP,60,20250604,030000,0.009408,0.009521,0.009325,0.009464,720.99
SWELLUSDTSWAP,60,20250604,040000,0.009466,0.0096,0.009459,0.009534,155.45
SWELLUSDTSWAP,60,20250604,050000,0.009544,0.009596,0.009455,0.009455,105.44
SWELLUSDTSWAP,60,20250604,060000,0.009458,0.009539,0.00944,0.009485,77.4
SWELLUSDTSWAP,60,20250604,070000,0.00949,0.009537,0.009476,0.00952,122.17
SWELLUSDTSWAP,60,20250604,080000,0.009526,0.00961,0.009503,0.009506,136.06
SWELLUSDTSWAP,60,20250604,090000,0.009508,0.009526,0.009454,0.009454,36.92
SWELLUSDTSWAP,60,20250604,100000,0.009456,0.009495,0.009413,0.009449,101.82
SWELLUSDTSWAP,60,20250604,110000,0.009448,0.009529,0.009446,0.009483,97.94
SWELLUSDTSWAP,60,20250604,120000,0.009484,0.009517,0.009362,0.00948,151.61
SWELLUSDTSWAP,60,20250604,130000,0.009482,0.009518,0.00939,0.009407,152.84
SWELLUSDTSWAP,60,20250604,140000,0.009413,0.009465,0.009347,0.009355,168.14
SWELLUSDTSWAP,60,20250604,150000,0.009362,0.009399,0.009262,0.00934,151.19
SWELLUSDTSWAP,60,20250604,160000,0.009326,0.009406,0.009274,0.009337,77.32
SWELLUSDTSWAP,60,20250604,170000,0.009337,0.009422,0.009275,0.009413,136.7
SWELLUSDTSWAP,60,20250604,180000,0.009412,0.009598,0.009402,0.009567,156.78
SWELLUSDTSWAP,60,20250604,190000,0.009568,0.009661,0.009525,0.009537,294.12
SWELLUSDTSWAP,60,20250604,200000,0.00954,0.009553,0.009461,0.009511,71.12
SWELLUSDTSWAP,60,20250604,210000,0.009514,0.009619,0.009512,0.009545,149.59
SWELLUSDTSWAP,60,20250604,220000,0.009548,0.009601,0.009509,0.009546,116.83