<TICKER>,<PER>,<DATE>,<TIME>,<OPEN>,<HIGH>,<LOW>,<CLOSE>,<VOL>
SWELLUSDTSWAP,1440,20250225,030000,0.01193,0.01309,0.0112,0.01263,22586.39
SWELLUSDTSWAP,1440,20250226,030000,0.01263,0.01284,0.01177,0.01263,14906.13
SWELLUSDTSWAP,1440,20250227,030000,0.01264,0.01458,0.01233,0.01312,53440.61
SWELLUSDTSWAP,1440,20250228,030000,0.01311,0.01626,0.01215,0.01388,60249.81
SWELLUSDTSWAP,1440,20250301,030000,0.01387,0.01416,0.01283,0.01335,36664.83
SWELLUSDTSWAP,1440,20250302,030000,0.01334,0.01412,0.0127,0.01391,30103.07
SWELLUSDTSWAP,1440,20250303,030000,0.01391,0.01398,0.01223,0.01325,78555.14
SWELLUSDTSWAP,1440,20250304,030000,0.01324,0.01338,0.01145,0.01283,47290.47
SWELLUSDTSWAP,1440,20250305,030000,0.01282,0.01307,0.01186,0.01258,20749.77
SWELLUSDTSWAP,1440,20250306,030000,0.01259,0.01268,0.01123,0.01158,19883.61
SWELLUSDTSWAP,1440,20250307,030000,0.01159,0.01262,0.01104,0.01187,28141.41
SWELLUSDTSWAP,1440,20250308,030000,0.01186,0.01206,0.01141,0.01168,10717.16
SWELLUSDTSWAP,1440,20250309,030000,0.01167,0.01173,0.01024,0.01073,12104.08
SWELLUSDTSWAP,1440,20250310,030000,0.01074,0.01129,0.00985,0.01022,13560.6
SWELLUSDTSWAP,1440,20250311,030000,0.01022,0.01121,0.00958,0.01114,16463.31
SWELLUSDTSWAP,1440,20250312,030000,0.01112,0.01165,0.0107,0.01094,17637.04
SWELLUSDTSWAP,1440,20250313,030000,0.01096,0.01104,0.01034,0.01049,7333.54
SWELLUSDTSWAP,1440,20250314,030000,0.01049,0.01094,0.01047,0.01065,6383.28
SWELLUSDTSWAP,1440,20250315,030000,0.01066,0.01123,0.01058,0.01122,4483.23
SWELLUSDTSWAP,1440,20250316,030000,0.01122,0.01184,0.01077,0.01084,15916.85
SWELLUSDTSWAP,1440,20250317,030000,0.01084,0.01151,0.01084,0.01138,8368.3
SWELLUSDTSWAP,1440,20250318,030000,0.01138,0.01178,0.01067,0.01099,10360.03
SWELLUSDTSWAP,1440,20250319,030000,0.01099,0.01175,0.01098,0.01152,10498.46
SWELLUSDTSWAP,1440,20250320,030000,0.01153,0.01173,0.0112,0.01122,5742.38
SWELLUSDTSWAP,1440,20250321,030000,0.01124,0.0114,0.01039,0.01062,3621.15
SWELLUSDTSWAP,1440,20250322,030000,0.01063,0.01124,0.01048,0.01085,3587.23
SWELLUSDTSWAP,1440,20250323,030000,0.01086,0.01094,0.01064,0.01091,2985.65
SWELLUSDTSWAP,1440,20250324,030000,0.0109,0.01198,0.01077,0.01156,7099.01
SWELLUSDTSWAP,1440,20250325,030000,0.01154,0.01329,0.01114,0.01301,16457.17
SWELLUSDTSWAP,1440,20250326,030000,0.01301,0.0195,0.01233,0.0149,939238.74
SWELLUSDTSWAP,1440,20250327,030000,0.01489,0.01518,0.01352,0.01478,184176.45
SWELLUSDTSWAP,1440,20250328,030000,0.01478,0.01478,0.0133,0.01371,91666.48
SWELLUSDTSWAP,1440,20250329,030000,0.01371,0.01404,0.01192,0.0121,48163.38
SWELLUSDTSWAP,1440,20250330,030000,0.0121,0.01252,0.01179,0.01201,22734.0
SWELLUSDTSWAP,1440,20250331,030000,0.01201,0.01209,0.01115,0.01146,26749.64
SWELLUSDTSWAP,1440,20250401,030000,0.01147,0.01179,0.01111,0.01134,21693.29
SWELLUSDTSWAP,1440,20250402,030000,0.01133,0.01135,0.00973,0.00987,36659.98
SWELLUSDTSWAP,1440,20250403,030000,0.00986,0.01014,0.00919,0.00949,14530.26
SWELLUSDTSWAP,1440,20250404,030000,0.0095,0.00954,0.0088,0.00912,16286.51
SWELLUSDTSWAP,1440,20250405,030000,0.00913,0.00927,0.00865,0.00889,6945.67
SWELLUSDTSWAP,1440,20250406,030000,0.00889,0.00891,0.00755,0.00781,16111.0
SWELLUSDTSWAP,1440,20250407,030000,0.00781,0.00822,0.00704,0.0082,13070.66
SWELLUSDTSWAP,1440,20250408,030000,0.00819,0.00848,0.00736,0.00747,7059.03
SWELLUSDTSWAP,1440,20250409,030000,0.00747,0.00875,0.00701,0.00848,8817.89
SWELLUSDTSWAP,1440,20250410,030000,0.00847,0.00848,0.0079,0.00813,4121.08
SWELLUSDTSWAP,1440,20250411,030000,0.00813,0.00906,0.00811,0.00853,17726.22
SWELLUSDTSWAP,1440,20250412,030000,0.00853,0.00899,0.00843,0.00874,6637.28
SWELLUSDTSWAP,1440,20250413,030000,0.00875,0.00879,0.0077,0.00784,11318.26
SWELLUSDTSWAP,1440,20250414,030000,0.00784,0.00839,0.0078,0.00809,7184.71
SWELLUSDTSWAP,1440,20250415,030000,0.00809,0.00822,0.00774,0.00779,6592.4
SWELLUSDTSWAP,1440,20250416,030000,0.00779,0.00799,0.00752,0.00774,7593.58
SWELLUSDTSWAP,1440,20250417,030000,0.00774,0.00783,0.00747,0.00763,7678.56
SWELLUSDTSWAP,1440,20250418,030000,0.00763,0.00808,0.00758,0.00789,5901.06
SWELLUSDTSWAP,1440,20250419,030000,0.00789,0.00824,0.0078,0.00816,3642.58
SWELLUSDTSWAP,1440,20250420,030000,0.00816,0.0087,0.00813,0.00853,7337.9
SWELLUSDTSWAP,1440,20250421,030000,0.00852,0.00924,0.00849,0.0087,6956.42
SWELLUSDTSWAP,1440,20250422,030000,0.00868,0.009998,0.00838,0.009465,12265.74
SWELLUSDTSWAP,1440,20250423,030000,0.009468,0.010365,0.009417,0.009713,8628.95
SWELLUSDTSWAP,1440,20250424,030000,0.009711,0.009779,0.009012,0.00969,6059.79
SWELLUSDTSWAP,1440,20250425,030000,0.009692,0.010374,0.009459,0.009968,6674.3
SWELLUSDTSWAP,1440,20250426,030000,0.00997,0.013046,0.00997,0.011544,39550.11
SWELLUSDTSWAP,1440,20250427,030000,0.011539,0.011611,0.010239,0.010405,22025.23
SWELLUSDTSWAP,1440,20250428,030000,0.010417,0.010681,0.009808,0.010254,15028.35
SWELLUSDTSWAP,1440,20250429,030000,0.010257,0.010503,0.009542,0.009721,7501.26
SWELLUSDTSWAP,1440,20250430,030000,0.009721,0.009989,0.009069,0.009762,4232.37
SWELLUSDTSWAP,1440,20250501,030000,0.009753,0.010054,0.009555,0.009651,4857.15
SWELLUSDTSWAP,1440,20250502,030000,0.009651,0.009834,0.009394,0.009513,5403.63
SWELLUSDTSWAP,1440,20250503,030000,0.009515,0.009572,0.008868,0.009013,5819.89
SWELLUSDTSWAP,1440,20250504,030000,0.009019,0.009051,0.008483,0.008578,10070.31
SWELLUSDTSWAP,1440,20250505,030000,0.008572,0.008854,0.008462,0.008767,4215.2
SWELLUSDTSWAP,1440,20250506,030000,0.008763,0.008856,0.008229,0.008724,5922.53
SWELLUSDTSWAP,1440,20250507,030000,0.008737,0.008836,0.008359,0.008502,4536.45
SWELLUSDTSWAP,1440,20250508,030000,0.008503,0.009956,0.008492,0.009767,8908.39
SWELLUSDTSWAP,1440,20250509,030000,0.009768,0.011177,0.009642,0.011116,11684.07
SWELLUSDTSWAP,1440,20250510,030000,0.011116,0.01209,0.010514,0.011899,13459.01
SWELLUSDTSWAP,1440,20250511,030000,0.011899,0.013827,0.01134,0.013392,26758.89
SWELLUSDTSWAP,1440,20250512,030000,0.013379,0.01405,0.01166,0.013541,37742.21
SWELLUSDTSWAP,1440,20250513,030000,0.013543,0.014779,0.012099,0.013399,45788.03
SWELLUSDTSWAP,1440,20250514,030000,0.013399,0.01389,0.01231,0.012484,17332.49
SWELLUSDTSWAP,1440,20250515,030000,0.012484,0.012672,0.01072,0.011136,36772.68
SWELLUSDTSWAP,1440,20250516,030000,0.01114,0.014992,0.011116,0.014718,79883.96
SWELLUSDTSWAP,1440,20250517,030000,0.014718,0.01488,0.011765,0.011943,254921.57
SWELLUSDTSWAP,1440,20250518,030000,0.011945,0.012497,0.011126,0.011582,52842.74
SWELLUSDTSWAP,1440,20250519,030000,0.011597,0.011608,0.010764,0.011248,21561.01
SWELLUSDTSWAP,1440,20250520,030000,0.011249,0.011543,0.010584,0.011284,12126.71
SWELLUSDTSWAP,1440,20250521,030000,0.011287,0.011735,0.010651,0.011415,12047.29
SWELLUSDTSWAP,1440,20250522,030000,0.011421,0.012193,0.011395,0.01217,9710.35
SWELLUSDTSWAP,1440,20250523,030000,0.012176,0.01257,0.01041,0.010499,15093.13
SWELLUSDTSWAP,1440,20250524,030000,0.010499,0.010909,0.010385,0.010437,5845.41
SWELLUSDTSWAP,1440,20250525,030000,0.010441,0.01052,0.009717,0.010307,6115.46
SWELLUSDTSWAP,1440,20250526,030000,0.010311,0.010606,0.009842,0.010084,3409.26
SWELLUSDTSWAP,1440,20250527,030000,0.010084,0.011634,0.009779,0.010878,9707.82
SWELLUSDTSWAP,1440,20250528,030000,0.010876,0.01147,0.010283,0.010999,15164.06
SWELLUSDTSWAP,1440,20250529,030000,0.011006,0.011357,0.009925,0.01,9302.12
SWELLUSDTSWAP,1440,20250530,030000,0.009998,0.010039,0.00876,0.008882,14095.08
SWELLUSDTSWAP,1440,20250531,030000,0.008883,0.009279,0.0085,0.00897,6111.27
SWELLUSDTSWAP,1440,20250601,030000,0.008969,0.009899,0.008787,0.009837,8676.51
SWELLUSDTSWAP,1440,20250602,030000,0.00983,0.010071,0.009225,0.009787,5131.28
SWELLUSDTSWAP,1440,20250603,030000,0.009784,0.010105,0.009391,0.009405,7001.08
SWELLUSDTSWAP,1440,20250604,030000,0.009408,0.009661,0.009262,0.00955,3164.24