<TICKER>,<PER>,<DATE>,<TIME>,<OPEN>,<HIGH>,<LOW>,<CLOSE>,<VOL>
TRXUSDTSWAP,3,20250604,172700,0.27319,0.27321,0.27263,0.27299,91.07
TRXUSDTSWAP,3,20250604,173000,0.27299,0.27321,0.27299,0.27319,114.05
TRXUSDTSWAP,3,20250604,173300,0.27319,0.27347,0.27314,0.27346,77.17
TRXUSDTSWAP,3,20250604,173600,0.27347,0.27348,0.27307,0.27318,56.95
TRXUSDTSWAP,3,20250604,173900,0.27318,0.27348,0.27316,0.27338,36.62
TRXUSDTSWAP,3,20250604,174200,0.27339,0.2734,0.27276,0.27283,57.69
TRXUSDTSWAP,3,20250604,174500,0.27283,0.27309,0.27283,0.27307,25.49
TRXUSDTSWAP,3,20250604,174800,0.27308,0.27316,0.27307,0.27316,21.89
TRXUSDTSWAP,3,20250604,175100,0.27316,0.27319,0.2729,0.27298,20.88
TRXUSDTSWAP,3,20250604,175400,0.27299,0.27305,0.27279,0.27295,77.43
TRXUSDTSWAP,3,20250604,175700,0.27292,0.27297,0.2728,0.27296,27.3
TRXUSDTSWAP,3,20250604,180000,0.27295,0.27301,0.27285,0.27287,77.11
TRXUSDTSWAP,3,20250604,180300,0.27287,0.27287,0.27251,0.27265,48.77
TRXUSDTSWAP,3,20250604,180600,0.27266,0.27348,0.27265,0.27298,157.86
TRXUSDTSWAP,3,20250604,180900,0.273,0.27305,0.27246,0.27252,84.94
TRXUSDTSWAP,3,20250604,181200,0.27254,0.27263,0.27241,0.27241,21.69
TRXUSDTSWAP,3,20250604,181500,0.27241,0.27322,0.27237,0.27317,143.83
TRXUSDTSWAP,3,20250604,181800,0.27315,0.27322,0.27282,0.27282,120.95
TRXUSDTSWAP,3,20250604,182100,0.27281,0.27281,0.27216,0.27225,100.9
TRXUSDTSWAP,3,20250604,182400,0.27223,0.27249,0.27223,0.27238,48.89
TRXUSDTSWAP,3,20250604,182700,0.27239,0.27246,0.27236,0.27236,25.54
TRXUSDTSWAP,3,20250604,183000,0.27236,0.27244,0.2722,0.27238,27.28
TRXUSDTSWAP,3,20250604,183300,0.27238,0.2724,0.2723,0.27235,12.7
TRXUSDTSWAP,3,20250604,183600,0.27236,0.27253,0.27225,0.27248,81.16
TRXUSDTSWAP,3,20250604,183900,0.27248,0.27249,0.27231,0.2724,31.52
TRXUSDTSWAP,3,20250604,184200,0.27236,0.27237,0.27205,0.27207,39.81
TRXUSDTSWAP,3,20250604,184500,0.27206,0.27206,0.27184,0.27202,52.21
TRXUSDTSWAP,3,20250604,184800,0.27202,0.27207,0.27178,0.2718,88.18
TRXUSDTSWAP,3,20250604,185100,0.27178,0.27198,0.27176,0.27195,59.8
TRXUSDTSWAP,3,20250604,185400,0.27194,0.27199,0.27183,0.27193,43.32
TRXUSDTSWAP,3,20250604,185700,0.27193,0.2722,0.27188,0.27212,30.7
TRXUSDTSWAP,3,20250604,190000,0.27213,0.27236,0.27212,0.27231,199.43
TRXUSDTSWAP,3,20250604,190300,0.27231,0.27246,0.27231,0.27245,26.82
TRXUSDTSWAP,3,20250604,190600,0.27244,0.27259,0.27244,0.2725,20.52
TRXUSDTSWAP,3,20250604,190900,0.27252,0.27295,0.27252,0.2727,60.49
TRXUSDTSWAP,3,20250604,191200,0.27272,0.27289,0.27272,0.27289,5.23
TRXUSDTSWAP,3,20250604,191500,0.27288,0.27297,0.27268,0.2729,26.44
TRXUSDTSWAP,3,20250604,191800,0.27289,0.27292,0.27278,0.27281,23.26
TRXUSDTSWAP,3,20250604,192100,0.27283,0.27285,0.27277,0.27285,15.35
TRXUSDTSWAP,3,20250604,192400,0.27285,0.27331,0.27282,0.27317,46.16
TRXUSDTSWAP,3,20250604,192700,0.27316,0.27319,0.27304,0.27313,51.6
TRXUSDTSWAP,3,20250604,193000,0.27313,0.27332,0.27309,0.27332,76.83
TRXUSDTSWAP,3,20250604,193300,0.27332,0.27333,0.27305,0.27328,22.75
TRXUSDTSWAP,3,20250604,193600,0.2733,0.27338,0.27327,0.27338,16.54
TRXUSDTSWAP,3,20250604,193900,0.27338,0.2735,0.27332,0.27341,38.34
TRXUSDTSWAP,3,20250604,194200,0.27343,0.27367,0.27336,0.2734,45.6
TRXUSDTSWAP,3,20250604,194500,0.27342,0.27358,0.27342,0.27351,19.47
TRXUSDTSWAP,3,20250604,194800,0.2735,0.27357,0.27341,0.27357,33.67
TRXUSDTSWAP,3,20250604,195100,0.27357,0.2736,0.27352,0.2736,8.61
TRXUSDTSWAP,3,20250604,195400,0.27359,0.27368,0.27356,0.27356,31.06
TRXUSDTSWAP,3,20250604,195700,0.27356,0.27361,0.2735,0.2736,12.35
TRXUSDTSWAP,3,20250604,200000,0.2736,0.27377,0.27356,0.2737,69.52
TRXUSDTSWAP,3,20250604,200300,0.2737,0.27375,0.27365,0.27374,13.99
TRXUSDTSWAP,3,20250604,200600,0.27375,0.27384,0.27342,0.27354,25.66
TRXUSDTSWAP,3,20250604,200900,0.27354,0.27364,0.27284,0.27295,82.38
TRXUSDTSWAP,3,20250604,201200,0.27293,0.27312,0.27293,0.27309,20.62
TRXUSDTSWAP,3,20250604,201500,0.2731,0.2731,0.27291,0.27296,17.9
TRXUSDTSWAP,3,20250604,201800,0.27296,0.2731,0.2728,0.27297,44.33
TRXUSDTSWAP,3,20250604,202100,0.27298,0.27312,0.27298,0.2731,6.09
TRXUSDTSWAP,3,20250604,202400,0.2731,0.2732,0.2731,0.2732,20.46
TRXUSDTSWAP,3,20250604,202700,0.2732,0.27325,0.2727,0.27296,159.06
TRXUSDTSWAP,3,20250604,203000,0.27295,0.27295,0.27271,0.27277,26.57
TRXUSDTSWAP,3,20250604,203300,0.27278,0.27314,0.27277,0.27314,24.28
TRXUSDTSWAP,3,20250604,203600,0.27314,0.27314,0.273,0.27304,26.29
TRXUSDTSWAP,3,20250604,203900,0.27307,0.27336,0.27299,0.27316,44.02
TRXUSDTSWAP,3,20250604,204200,0.27319,0.27329,0.27314,0.27318,28.15
TRXUSDTSWAP,3,20250604,204500,0.27318,0.27324,0.27305,0.27324,28.76
TRXUSDTSWAP,3,20250604,204800,0.27325,0.27337,0.27325,0.27331,23.99
TRXUSDTSWAP,3,20250604,205100,0.27331,0.27343,0.2733,0.2734,12.85
TRXUSDTSWAP,3,20250604,205400,0.27341,0.27345,0.27326,0.27333,25.32
TRXUSDTSWAP,3,20250604,205700,0.27333,0.2735,0.2733,0.27332,44.03
TRXUSDTSWAP,3,20250604,210000,0.27331,0.27376,0.2733,0.27367,78.86
TRXUSDTSWAP,3,20250604,210300,0.27366,0.2737,0.27361,0.27366,18.29
TRXUSDTSWAP,3,20250604,210600,0.27367,0.27393,0.27361,0.27369,157.44
TRXUSDTSWAP,3,20250604,210900,0.2737,0.27407,0.2737,0.27395,98.27
TRXUSDTSWAP,3,20250604,211200,0.27395,0.27395,0.2733,0.2733,78.44
TRXUSDTSWAP,3,20250604,211500,0.27335,0.27351,0.27325,0.27337,89.49
TRXUSDTSWAP,3,20250604,211800,0.27336,0.27356,0.27336,0.27352,9.09
TRXUSDTSWAP,3,20250604,212100,0.27355,0.27355,0.27337,0.27347,24.81
TRXUSDTSWAP,3,20250604,212400,0.27346,0.27356,0.27346,0.2735,12.86
TRXUSDTSWAP,3,20250604,212700,0.2735,0.27367,0.2735,0.27365,20.29
TRXUSDTSWAP,3,20250604,213000,0.27365,0.27365,0.2735,0.27351,18.92
TRXUSDTSWAP,3,20250604,213300,0.2735,0.27351,0.27323,0.27338,55.65
TRXUSDTSWAP,3,20250604,213600,0.27339,0.27345,0.27339,0.27343,7.49
TRXUSDTSWAP,3,20250604,213900,0.27342,0.27343,0.27332,0.27335,5.89
TRXUSDTSWAP,3,20250604,214200,0.27334,0.27344,0.27334,0.27344,13.83
TRXUSDTSWAP,3,20250604,214500,0.27344,0.27362,0.27341,0.27356,26.26
TRXUSDTSWAP,3,20250604,214800,0.27355,0.27356,0.27343,0.27344,4.62
TRXUSDTSWAP,3,20250604,215100,0.27343,0.27347,0.27331,0.27331,11.74
TRXUSDTSWAP,3,20250604,215400,0.27331,0.27331,0.27319,0.27329,5.05
TRXUSDTSWAP,3,20250604,215700,0.27328,0.27329,0.27312,0.27319,30.88
TRXUSDTSWAP,3,20250604,220000,0.27318,0.2734,0.27302,0.2734,72.64
TRXUSDTSWAP,3,20250604,220300,0.27341,0.27366,0.27341,0.27366,63.72
TRXUSDTSWAP,3,20250604,220600,0.27365,0.27365,0.27352,0.27357,6.75
TRXUSDTSWAP,3,20250604,220900,0.27356,0.27356,0.27328,0.27343,20.63
TRXUSDTSWAP,3,20250604,221200,0.27343,0.27361,0.27343,0.27347,29.47
TRXUSDTSWAP,3,20250604,221500,0.27346,0.27346,0.27329,0.27345,8.7
TRXUSDTSWAP,3,20250604,221800,0.27344,0.27354,0.27344,0.27345,11.21
TRXUSDTSWAP,3,20250604,222100,0.27349,0.2735,0.27326,0.27333,21.64
TRXUSDTSWAP,3,20250604,222400,0.27333,0.27341,0.27333,0.27341,2.98