<TICKER>,<PER>,<DATE>,<TIME>,<OPEN>,<HIGH>,<LOW>,<CLOSE>,<VOL>
USTCUSDTSWAP,1440,20250225,030000,0.01432,0.01504,0.01332,0.0148,76103.1
USTCUSDTSWAP,1440,20250226,030000,0.0148,0.01528,0.01426,0.01494,53359.58
USTCUSDTSWAP,1440,20250227,030000,0.01493,0.01539,0.0144,0.01476,25443.36
USTCUSDTSWAP,1440,20250228,030000,0.01477,0.01533,0.01357,0.01514,51348.16
USTCUSDTSWAP,1440,20250301,030000,0.01514,0.0154,0.01467,0.01496,24594.82
USTCUSDTSWAP,1440,20250302,030000,0.01496,0.01634,0.01472,0.01604,56533.53
USTCUSDTSWAP,1440,20250303,030000,0.01605,0.01611,0.01295,0.01318,123346.29
USTCUSDTSWAP,1440,20250304,030000,0.01317,0.01334,0.01216,0.01309,56517.32
USTCUSDTSWAP,1440,20250305,030000,0.01308,0.01331,0.01268,0.01299,28618.92
USTCUSDTSWAP,1440,20250306,030000,0.01298,0.01327,0.01227,0.01245,34297.6
USTCUSDTSWAP,1440,20250307,030000,0.01245,0.01298,0.01178,0.0124,32224.47
USTCUSDTSWAP,1440,20250308,030000,0.0124,0.0125,0.01206,0.01218,21474.02
USTCUSDTSWAP,1440,20250309,030000,0.01219,0.01228,0.01077,0.0111,32688.58
USTCUSDTSWAP,1440,20250310,030000,0.01111,0.01219,0.01063,0.01122,36824.16
USTCUSDTSWAP,1440,20250311,030000,0.01122,0.01208,0.01031,0.01179,31083.99
USTCUSDTSWAP,1440,20250312,030000,0.01179,0.01232,0.01137,0.01208,24571.08
USTCUSDTSWAP,1440,20250313,030000,0.01208,0.01243,0.01177,0.0121,23420.41
USTCUSDTSWAP,1440,20250314,030000,0.01209,0.01285,0.01204,0.01256,19652.69
USTCUSDTSWAP,1440,20250315,030000,0.01256,0.01469,0.01232,0.0139,174384.43
USTCUSDTSWAP,1440,20250316,030000,0.01389,0.01393,0.01258,0.01283,120109.26
USTCUSDTSWAP,1440,20250317,030000,0.01282,0.01377,0.0128,0.01348,63698.27
USTCUSDTSWAP,1440,20250318,030000,0.01348,0.01363,0.01245,0.01285,61338.91
USTCUSDTSWAP,1440,20250319,030000,0.01285,0.0133,0.01278,0.01318,37088.88
USTCUSDTSWAP,1440,20250320,030000,0.01318,0.01342,0.01279,0.01319,25536.5
USTCUSDTSWAP,1440,20250321,030000,0.0132,0.01328,0.01273,0.01277,28552.8
USTCUSDTSWAP,1440,20250322,030000,0.01278,0.0135,0.01278,0.01298,23531.93
USTCUSDTSWAP,1440,20250323,030000,0.01298,0.01331,0.01274,0.01298,13122.46
USTCUSDTSWAP,1440,20250324,030000,0.01298,0.01338,0.01275,0.01327,13950.01
USTCUSDTSWAP,1440,20250325,030000,0.01327,0.01363,0.01303,0.0136,16335.95
USTCUSDTSWAP,1440,20250326,030000,0.01361,0.01374,0.01302,0.01327,27949.82
USTCUSDTSWAP,1440,20250327,030000,0.01327,0.01346,0.01258,0.01284,24664.74
USTCUSDTSWAP,1440,20250328,030000,0.01283,0.01291,0.01181,0.01206,20768.09
USTCUSDTSWAP,1440,20250329,030000,0.01205,0.01213,0.01111,0.01134,18911.87
USTCUSDTSWAP,1440,20250330,030000,0.01134,0.0128,0.01121,0.01214,74601.52
USTCUSDTSWAP,1440,20250331,030000,0.01214,0.01218,0.01109,0.01148,65347.52
USTCUSDTSWAP,1440,20250401,030000,0.0115,0.01191,0.01136,0.01156,18086.54
USTCUSDTSWAP,1440,20250402,030000,0.01156,0.01339,0.01081,0.01203,166948.13
USTCUSDTSWAP,1440,20250403,030000,0.01202,0.01231,0.01097,0.01195,44117.22
USTCUSDTSWAP,1440,20250404,030000,0.01194,0.01221,0.01159,0.01185,21698.31
USTCUSDTSWAP,1440,20250405,030000,0.01185,0.01204,0.01158,0.01174,9333.26
USTCUSDTSWAP,1440,20250406,030000,0.01173,0.01261,0.01061,0.01099,81095.32
USTCUSDTSWAP,1440,20250407,030000,0.01099,0.01161,0.00984,0.01135,40495.03
USTCUSDTSWAP,1440,20250408,030000,0.01135,0.01169,0.0105,0.01064,16862.55
USTCUSDTSWAP,1440,20250409,030000,0.01063,0.01166,0.01005,0.01154,20117.42
USTCUSDTSWAP,1440,20250410,030000,0.01154,0.01167,0.01105,0.01121,20986.36
USTCUSDTSWAP,1440,20250411,030000,0.01121,0.01209,0.01111,0.01204,22312.85
USTCUSDTSWAP,1440,20250412,030000,0.01204,0.01212,0.01168,0.01196,13074.3
USTCUSDTSWAP,1440,20250413,030000,0.01197,0.01214,0.0113,0.01155,23636.19
USTCUSDTSWAP,1440,20250414,030000,0.01154,0.01188,0.01139,0.01151,14859.3
USTCUSDTSWAP,1440,20250415,030000,0.01152,0.01164,0.01096,0.01115,15669.07
USTCUSDTSWAP,1440,20250416,030000,0.01114,0.01147,0.01088,0.01113,17261.9
USTCUSDTSWAP,1440,20250417,030000,0.01113,0.01138,0.01097,0.01122,8866.25
USTCUSDTSWAP,1440,20250418,030000,0.01123,0.01245,0.01116,0.01222,37994.02
USTCUSDTSWAP,1440,20250419,030000,0.01222,0.0128,0.01189,0.01226,30096.14
USTCUSDTSWAP,1440,20250420,030000,0.01227,0.01265,0.01192,0.01231,19110.57
USTCUSDTSWAP,1440,20250421,030000,0.01231,0.01266,0.01178,0.01192,17900.28
USTCUSDTSWAP,1440,20250422,030000,0.01191,0.01254,0.01175,0.01249,15976.97
USTCUSDTSWAP,1440,20250423,030000,0.01249,0.01372,0.01239,0.01318,64338.66
USTCUSDTSWAP,1440,20250424,030000,0.01317,0.01348,0.01256,0.01321,48076.68
USTCUSDTSWAP,1440,20250425,030000,0.01322,0.0136,0.01295,0.01308,29635.55
USTCUSDTSWAP,1440,20250426,030000,0.01309,0.01369,0.0129,0.0134,27567.37
USTCUSDTSWAP,1440,20250427,030000,0.0134,0.01349,0.01281,0.01307,19480.38
USTCUSDTSWAP,1440,20250428,030000,0.01307,0.01332,0.01267,0.01313,22346.43
USTCUSDTSWAP,1440,20250429,030000,0.01313,0.01335,0.01239,0.01257,20404.43
USTCUSDTSWAP,1440,20250430,030000,0.01256,0.01297,0.01231,0.01267,15476.63
USTCUSDTSWAP,1440,20250501,030000,0.01269,0.01316,0.01258,0.013,14685.1
USTCUSDTSWAP,1440,20250502,030000,0.013,0.01408,0.01289,0.01306,103630.67
USTCUSDTSWAP,1440,20250503,030000,0.01308,0.01316,0.01137,0.0118,38397.41
USTCUSDTSWAP,1440,20250504,030000,0.0118,0.01217,0.01139,0.01211,24699.11
USTCUSDTSWAP,1440,20250505,030000,0.01212,0.01256,0.01174,0.01183,41771.16
USTCUSDTSWAP,1440,20250506,030000,0.01183,0.01186,0.01114,0.01166,21669.27
USTCUSDTSWAP,1440,20250507,030000,0.01165,0.01199,0.01159,0.01192,15030.03
USTCUSDTSWAP,1440,20250508,030000,0.01193,0.01305,0.01187,0.01289,23124.59
USTCUSDTSWAP,1440,20250509,030000,0.01289,0.0137,0.01282,0.01367,29323.22
USTCUSDTSWAP,1440,20250510,030000,0.01367,0.01528,0.01364,0.01464,84405.87
USTCUSDTSWAP,1440,20250511,030000,0.01465,0.01475,0.01371,0.01412,30362.43
USTCUSDTSWAP,1440,20250512,030000,0.01412,0.01465,0.01332,0.01403,40977.12
USTCUSDTSWAP,1440,20250513,030000,0.01403,0.01468,0.01334,0.01451,29271.46
USTCUSDTSWAP,1440,20250514,030000,0.01451,0.01518,0.01389,0.01417,60832.3
USTCUSDTSWAP,1440,20250515,030000,0.01417,0.01428,0.01307,0.01341,38131.44
USTCUSDTSWAP,1440,20250516,030000,0.0134,0.01367,0.013,0.01306,16347.91
USTCUSDTSWAP,1440,20250517,030000,0.01306,0.0131,0.01231,0.01261,21358.85
USTCUSDTSWAP,1440,20250518,030000,0.0126,0.01339,0.01228,0.01308,20952.49
USTCUSDTSWAP,1440,20250519,030000,0.01308,0.01312,0.01233,0.01286,16632.31
USTCUSDTSWAP,1440,20250520,030000,0.01285,0.01302,0.01252,0.01286,12583.31
USTCUSDTSWAP,1440,20250521,030000,0.01286,0.01324,0.01265,0.01302,12547.81
USTCUSDTSWAP,1440,20250522,030000,0.01303,0.01445,0.01301,0.0139,38570.64
USTCUSDTSWAP,1440,20250523,030000,0.01389,0.01415,0.01246,0.01258,29893.1
USTCUSDTSWAP,1440,20250524,030000,0.01258,0.01305,0.01249,0.01268,10977.55
USTCUSDTSWAP,1440,20250525,030000,0.01267,0.01279,0.01205,0.01259,21450.69
USTCUSDTSWAP,1440,20250526,030000,0.0126,0.01284,0.01232,0.01255,9298.64
USTCUSDTSWAP,1440,20250527,030000,0.01255,0.01305,0.01225,0.01291,15894.15
USTCUSDTSWAP,1440,20250528,030000,0.01291,0.01359,0.01274,0.01317,59927.63
USTCUSDTSWAP,1440,20250529,030000,0.01318,0.01325,0.01258,0.01265,20755.05
USTCUSDTSWAP,1440,20250530,030000,0.01265,0.01274,0.01102,0.01126,38326.57
USTCUSDTSWAP,1440,20250531,030000,0.01125,0.01168,0.01092,0.01159,14513.82
USTCUSDTSWAP,1440,20250601,030000,0.01159,0.01192,0.01136,0.01179,11217.88
USTCUSDTSWAP,1440,20250602,030000,0.01179,0.01208,0.01153,0.01201,9470.61
USTCUSDTSWAP,1440,20250603,030000,0.01201,0.01224,0.01184,0.01196,11383.75
USTCUSDTSWAP,1440,20250604,030000,0.01196,0.01209,0.01175,0.01189,7497.47