<TICKER>,<PER>,<DATE>,<TIME>,<OPEN>,<HIGH>,<LOW>,<CLOSE>,<VOL>
VINEUSDTSWAP,60,20250531,190000,0.03612,0.03669,0.03581,0.03634,80132.04
VINEUSDTSWAP,60,20250531,200000,0.03635,0.03644,0.03591,0.03595,50628.57
VINEUSDTSWAP,60,20250531,210000,0.03596,0.03672,0.03582,0.03656,39840.44
VINEUSDTSWAP,60,20250531,220000,0.03657,0.0369,0.03649,0.03658,39629.52
VINEUSDTSWAP,60,20250531,230000,0.03657,0.03663,0.03629,0.03659,24996.22
VINEUSDTSWAP,60,20250601,000000,0.0366,0.03715,0.03655,0.03666,51183.09
VINEUSDTSWAP,60,20250601,010000,0.03666,0.0367,0.03626,0.03642,32773.09
VINEUSDTSWAP,60,20250601,020000,0.03641,0.03671,0.03617,0.03638,44584.63
VINEUSDTSWAP,60,20250601,030000,0.03637,0.0365,0.03587,0.03638,56614.41
VINEUSDTSWAP,60,20250601,040000,0.03638,0.03673,0.03602,0.0362,56290.26
VINEUSDTSWAP,60,20250601,050000,0.03619,0.03644,0.03563,0.0364,105225.61
VINEUSDTSWAP,60,20250601,060000,0.03643,0.03656,0.03608,0.03632,55721.98
VINEUSDTSWAP,60,20250601,070000,0.03631,0.03726,0.03603,0.03681,73823.42
VINEUSDTSWAP,60,20250601,080000,0.03683,0.03806,0.03681,0.03789,145617.24
VINEUSDTSWAP,60,20250601,090000,0.03788,0.03806,0.03701,0.03704,112920.89
VINEUSDTSWAP,60,20250601,100000,0.03703,0.03733,0.03647,0.03716,93385.36
VINEUSDTSWAP,60,20250601,110000,0.03716,0.03732,0.03672,0.03686,61207.35
VINEUSDTSWAP,60,20250601,120000,0.03686,0.03711,0.03582,0.0361,122752.35
VINEUSDTSWAP,60,20250601,130000,0.03611,0.03657,0.036,0.03638,65598.62
VINEUSDTSWAP,60,20250601,140000,0.03638,0.03683,0.03607,0.03656,60202.28
VINEUSDTSWAP,60,20250601,150000,0.03655,0.03657,0.03594,0.03624,58893.16
VINEUSDTSWAP,60,20250601,160000,0.03626,0.03686,0.03626,0.03665,68441.77
VINEUSDTSWAP,60,20250601,170000,0.03665,0.0376,0.03662,0.03699,79844.88
VINEUSDTSWAP,60,20250601,180000,0.03698,0.03739,0.03666,0.03702,60632.89
VINEUSDTSWAP,60,20250601,190000,0.03701,0.03778,0.03687,0.03724,82261.87
VINEUSDTSWAP,60,20250601,200000,0.03723,0.03752,0.03696,0.0373,60830.02
VINEUSDTSWAP,60,20250601,210000,0.0373,0.03733,0.03643,0.03701,55728.7
VINEUSDTSWAP,60,20250601,220000,0.03701,0.03747,0.03701,0.0374,29385.87
VINEUSDTSWAP,60,20250601,230000,0.0374,0.03818,0.03722,0.03782,48793.65
VINEUSDTSWAP,60,20250602,000000,0.03781,0.03845,0.03775,0.03844,36423.39
VINEUSDTSWAP,60,20250602,010000,0.03843,0.03885,0.03815,0.0382,52667.58
VINEUSDTSWAP,60,20250602,020000,0.03819,0.03862,0.03819,0.0383,31033.5
VINEUSDTSWAP,60,20250602,030000,0.03831,0.03833,0.03776,0.03806,51488.22
VINEUSDTSWAP,60,20250602,040000,0.03807,0.03856,0.03795,0.038,40878.39
VINEUSDTSWAP,60,20250602,050000,0.03799,0.03806,0.03739,0.03749,51127.25
VINEUSDTSWAP,60,20250602,060000,0.0375,0.03756,0.037,0.03736,58742.51
VINEUSDTSWAP,60,20250602,070000,0.03735,0.03766,0.03711,0.03717,36233.61
VINEUSDTSWAP,60,20250602,080000,0.03718,0.03754,0.03688,0.0373,47043.41
VINEUSDTSWAP,60,20250602,090000,0.03731,0.03815,0.03701,0.03795,64481.68
VINEUSDTSWAP,60,20250602,100000,0.03796,0.03875,0.03795,0.03818,85528.93
VINEUSDTSWAP,60,20250602,110000,0.03818,0.03827,0.03733,0.0375,79738.01
VINEUSDTSWAP,60,20250602,120000,0.03751,0.03752,0.03664,0.03687,84181.52
VINEUSDTSWAP,60,20250602,130000,0.03685,0.0372,0.03664,0.03713,61869.71
VINEUSDTSWAP,60,20250602,140000,0.03713,0.03729,0.03684,0.03717,34434.06
VINEUSDTSWAP,60,20250602,150000,0.03715,0.03769,0.03678,0.03767,50864.63
VINEUSDTSWAP,60,20250602,160000,0.03768,0.03818,0.03717,0.03726,60476.1
VINEUSDTSWAP,60,20250602,170000,0.03725,0.0381,0.03707,0.03738,49824.71
VINEUSDTSWAP,60,20250602,180000,0.03738,0.03779,0.03707,0.0376,35517.24
VINEUSDTSWAP,60,20250602,190000,0.03761,0.03763,0.03692,0.03747,44966.89
VINEUSDTSWAP,60,20250602,200000,0.03747,0.03763,0.0371,0.03749,24015.87
VINEUSDTSWAP,60,20250602,210000,0.03748,0.03796,0.03727,0.03733,31822.32
VINEUSDTSWAP,60,20250602,220000,0.03734,0.03755,0.03665,0.03697,33693.3
VINEUSDTSWAP,60,20250602,230000,0.03698,0.03822,0.03698,0.03801,59661.79
VINEUSDTSWAP,60,20250603,000000,0.038,0.03866,0.03793,0.03864,43410.82
VINEUSDTSWAP,60,20250603,010000,0.03863,0.03952,0.03862,0.03892,79263.7
VINEUSDTSWAP,60,20250603,020000,0.03893,0.03899,0.0385,0.03857,42881.12
VINEUSDTSWAP,60,20250603,030000,0.03858,0.03932,0.03831,0.03897,66743.94
VINEUSDTSWAP,60,20250603,040000,0.03898,0.03985,0.03891,0.03977,51573.0
VINEUSDTSWAP,60,20250603,050000,0.03978,0.03992,0.03874,0.0389,72506.93
VINEUSDTSWAP,60,20250603,060000,0.0389,0.03918,0.03858,0.03909,44537.85
VINEUSDTSWAP,60,20250603,070000,0.0391,0.03917,0.03851,0.03863,47072.96
VINEUSDTSWAP,60,20250603,080000,0.03864,0.03916,0.03863,0.03914,28240.93
VINEUSDTSWAP,60,20250603,090000,0.03912,0.03946,0.03892,0.03945,43815.46
VINEUSDTSWAP,60,20250603,100000,0.03944,0.03967,0.03916,0.03932,41116.04
VINEUSDTSWAP,60,20250603,110000,0.03933,0.03948,0.03867,0.03939,45686.2
VINEUSDTSWAP,60,20250603,120000,0.03939,0.03978,0.03914,0.03946,49398.21
VINEUSDTSWAP,60,20250603,130000,0.03947,0.03965,0.03929,0.03962,30739.63
VINEUSDTSWAP,60,20250603,140000,0.03963,0.03987,0.03921,0.03935,33674.6
VINEUSDTSWAP,60,20250603,150000,0.03936,0.03974,0.03923,0.03967,24123.59
VINEUSDTSWAP,60,20250603,160000,0.03966,0.04063,0.03966,0.03999,129936.79
VINEUSDTSWAP,60,20250603,170000,0.04,0.04059,0.03952,0.04053,73336.52
VINEUSDTSWAP,60,20250603,180000,0.04054,0.04076,0.03982,0.03998,70984.81
VINEUSDTSWAP,60,20250603,190000,0.03999,0.04008,0.03943,0.03964,51895.34
VINEUSDTSWAP,60,20250603,200000,0.03964,0.0403,0.03958,0.03988,26219.09
VINEUSDTSWAP,60,20250603,210000,0.0399,0.03999,0.03965,0.03981,29563.87
VINEUSDTSWAP,60,20250603,220000,0.0398,0.04052,0.0398,0.04032,32397.36
VINEUSDTSWAP,60,20250603,230000,0.04033,0.04054,0.03956,0.04012,62696.17
VINEUSDTSWAP,60,20250604,000000,0.04011,0.04019,0.03913,0.03937,46660.2
VINEUSDTSWAP,60,20250604,010000,0.03937,0.04013,0.03929,0.03982,30607.73
VINEUSDTSWAP,60,20250604,020000,0.03982,0.03982,0.03921,0.03931,35072.94
VINEUSDTSWAP,60,20250604,030000,0.03931,0.03969,0.03878,0.03957,55184.87
VINEUSDTSWAP,60,20250604,040000,0.03957,0.04019,0.03933,0.03942,44635.51
VINEUSDTSWAP,60,20250604,050000,0.03941,0.03964,0.03889,0.03898,38161.25
VINEUSDTSWAP,60,20250604,060000,0.03899,0.03973,0.03895,0.03913,50559.03
VINEUSDTSWAP,60,20250604,070000,0.03914,0.03929,0.03894,0.03919,33684.55
VINEUSDTSWAP,60,20250604,080000,0.0392,0.03959,0.03892,0.039,29138.85
VINEUSDTSWAP,60,20250604,090000,0.039,0.03916,0.0386,0.03873,34941.58
VINEUSDTSWAP,60,20250604,100000,0.03874,0.03886,0.0382,0.03849,49475.36
VINEUSDTSWAP,60,20250604,110000,0.03848,0.03928,0.03847,0.03897,53528.18
VINEUSDTSWAP,60,20250604,120000,0.03897,0.03905,0.03839,0.0389,39520.33
VINEUSDTSWAP,60,20250604,130000,0.03891,0.03903,0.03831,0.0384,21159.41
VINEUSDTSWAP,60,20250604,140000,0.03839,0.03864,0.03812,0.03829,49429.77
VINEUSDTSWAP,60,20250604,150000,0.0383,0.03835,0.03763,0.03796,69395.08
VINEUSDTSWAP,60,20250604,160000,0.03796,0.03843,0.03775,0.03809,39144.16
VINEUSDTSWAP,60,20250604,170000,0.03808,0.03849,0.03764,0.03845,54329.76
VINEUSDTSWAP,60,20250604,180000,0.03845,0.03931,0.03825,0.0392,77553.73
VINEUSDTSWAP,60,20250604,190000,0.0392,0.03923,0.03847,0.03879,45438.29
VINEUSDTSWAP,60,20250604,200000,0.03878,0.03882,0.03788,0.03824,50560.78
VINEUSDTSWAP,60,20250604,210000,0.03825,0.03849,0.03804,0.03808,21989.92
VINEUSDTSWAP,60,20250604,220000,0.03807,0.03829,0.03802,0.03825,7142.54