<TICKER>,<PER>,<DATE>,<TIME>,<OPEN>,<HIGH>,<LOW>,<CLOSE>,<VOL>
WCTUSDTSWAP,3,20250604,172700,0.4902,0.4905,0.4892,0.4895,13322.17
WCTUSDTSWAP,3,20250604,173000,0.4894,0.4908,0.4892,0.4901,11631.08
WCTUSDTSWAP,3,20250604,173300,0.49,0.4903,0.4886,0.4886,7774.34
WCTUSDTSWAP,3,20250604,173600,0.4886,0.4894,0.4884,0.4891,9653.76
WCTUSDTSWAP,3,20250604,173900,0.489,0.4896,0.489,0.4895,4104.67
WCTUSDTSWAP,3,20250604,174200,0.4894,0.49,0.4889,0.489,5419.62
WCTUSDTSWAP,3,20250604,174500,0.489,0.4902,0.4887,0.4898,12499.33
WCTUSDTSWAP,3,20250604,174800,0.4899,0.4907,0.4894,0.4894,14236.49
WCTUSDTSWAP,3,20250604,175100,0.4895,0.4901,0.4891,0.4901,6638.6
WCTUSDTSWAP,3,20250604,175400,0.49,0.4905,0.4898,0.4902,10309.6
WCTUSDTSWAP,3,20250604,175700,0.4902,0.4912,0.4899,0.4909,28145.81
WCTUSDTSWAP,3,20250604,180000,0.491,0.4916,0.49,0.4903,12007.9
WCTUSDTSWAP,3,20250604,180300,0.4903,0.4905,0.4891,0.4901,10662.06
WCTUSDTSWAP,3,20250604,180600,0.4902,0.4917,0.4901,0.4908,9244.19
WCTUSDTSWAP,3,20250604,180900,0.4907,0.4909,0.4895,0.4897,13435.86
WCTUSDTSWAP,3,20250604,181200,0.4897,0.4907,0.4892,0.4892,8814.6
WCTUSDTSWAP,3,20250604,181500,0.4892,0.49,0.4887,0.4889,20884.93
WCTUSDTSWAP,3,20250604,181800,0.4889,0.4894,0.488,0.4881,26476.38
WCTUSDTSWAP,3,20250604,182100,0.4881,0.4896,0.4881,0.4895,15034.46
WCTUSDTSWAP,3,20250604,182400,0.4897,0.4897,0.4883,0.4885,12396.27
WCTUSDTSWAP,3,20250604,182700,0.4884,0.4887,0.4877,0.4882,18725.74
WCTUSDTSWAP,3,20250604,183000,0.4882,0.4884,0.4852,0.4881,51496.8
WCTUSDTSWAP,3,20250604,183300,0.4881,0.4899,0.4879,0.4882,33129.79
WCTUSDTSWAP,3,20250604,183600,0.4881,0.489,0.4871,0.4884,18823.58
WCTUSDTSWAP,3,20250604,183900,0.4884,0.4891,0.4882,0.4888,12932.83
WCTUSDTSWAP,3,20250604,184200,0.4888,0.489,0.4874,0.4876,16744.33
WCTUSDTSWAP,3,20250604,184500,0.4876,0.4884,0.4871,0.4876,15468.13
WCTUSDTSWAP,3,20250604,184800,0.4876,0.4887,0.4876,0.4879,16931.91
WCTUSDTSWAP,3,20250604,185100,0.488,0.4884,0.4872,0.4872,8273.55
WCTUSDTSWAP,3,20250604,185400,0.4872,0.4872,0.486,0.487,15891.98
WCTUSDTSWAP,3,20250604,185700,0.4869,0.4869,0.4853,0.4858,15879.27
WCTUSDTSWAP,3,20250604,190000,0.4859,0.4891,0.4859,0.4889,37965.8
WCTUSDTSWAP,3,20250604,190300,0.4889,0.4904,0.4884,0.4899,38514.08
WCTUSDTSWAP,3,20250604,190600,0.4898,0.4902,0.487,0.4878,21479.2
WCTUSDTSWAP,3,20250604,190900,0.4879,0.4889,0.4876,0.4888,8448.96
WCTUSDTSWAP,3,20250604,191200,0.4889,0.4904,0.4888,0.4899,18731.23
WCTUSDTSWAP,3,20250604,191500,0.4899,0.4911,0.4888,0.4904,22166.51
WCTUSDTSWAP,3,20250604,191800,0.4904,0.4906,0.4879,0.4881,24890.25
WCTUSDTSWAP,3,20250604,192100,0.488,0.4897,0.4879,0.4891,12475.72
WCTUSDTSWAP,3,20250604,192400,0.4891,0.4901,0.4891,0.4896,12891.7
WCTUSDTSWAP,3,20250604,192700,0.4897,0.4907,0.4889,0.49,16610.13
WCTUSDTSWAP,3,20250604,193000,0.49,0.4904,0.4876,0.4888,25794.09
WCTUSDTSWAP,3,20250604,193300,0.4887,0.4894,0.4886,0.4889,11319.76
WCTUSDTSWAP,3,20250604,193600,0.489,0.489,0.4871,0.4871,19566.36
WCTUSDTSWAP,3,20250604,193900,0.4872,0.4882,0.4867,0.4868,10229.25
WCTUSDTSWAP,3,20250604,194200,0.4867,0.4872,0.4858,0.4858,20235.53
WCTUSDTSWAP,3,20250604,194500,0.4858,0.4858,0.4809,0.4833,129392.83
WCTUSDTSWAP,3,20250604,194800,0.4833,0.4839,0.4818,0.4828,40887.66
WCTUSDTSWAP,3,20250604,195100,0.4827,0.483,0.4818,0.4825,21097.37
WCTUSDTSWAP,3,20250604,195400,0.4826,0.4834,0.4817,0.4819,18922.26
WCTUSDTSWAP,3,20250604,195700,0.4818,0.4818,0.4776,0.4804,120707.76
WCTUSDTSWAP,3,20250604,200000,0.4804,0.481,0.4793,0.4803,43111.1
WCTUSDTSWAP,3,20250604,200300,0.4804,0.4828,0.4804,0.4826,21765.96
WCTUSDTSWAP,3,20250604,200600,0.4826,0.4829,0.4802,0.4802,31520.05
WCTUSDTSWAP,3,20250604,200900,0.4802,0.4803,0.4789,0.4792,21730.49
WCTUSDTSWAP,3,20250604,201200,0.4793,0.4794,0.4768,0.4781,54023.82
WCTUSDTSWAP,3,20250604,201500,0.478,0.4791,0.4773,0.4785,25139.45
WCTUSDTSWAP,3,20250604,201800,0.4785,0.4787,0.4771,0.4776,19761.57
WCTUSDTSWAP,3,20250604,202100,0.4777,0.4784,0.4773,0.4778,11813.04
WCTUSDTSWAP,3,20250604,202400,0.4778,0.4788,0.4771,0.4776,15531.84
WCTUSDTSWAP,3,20250604,202700,0.4777,0.4786,0.4773,0.4775,7290.18
WCTUSDTSWAP,3,20250604,203000,0.4774,0.4775,0.4739,0.4754,68963.29
WCTUSDTSWAP,3,20250604,203300,0.4755,0.4759,0.4747,0.4756,24497.28
WCTUSDTSWAP,3,20250604,203600,0.4756,0.4762,0.4748,0.4762,15712.4
WCTUSDTSWAP,3,20250604,203900,0.4761,0.4765,0.4749,0.4752,22616.18
WCTUSDTSWAP,3,20250604,204200,0.4751,0.4757,0.4746,0.4757,9259.22
WCTUSDTSWAP,3,20250604,204500,0.4757,0.4772,0.4756,0.4762,13288.2
WCTUSDTSWAP,3,20250604,204800,0.4761,0.477,0.4756,0.4766,7729.48
WCTUSDTSWAP,3,20250604,205100,0.4765,0.4769,0.4759,0.4763,6370.8
WCTUSDTSWAP,3,20250604,205400,0.4763,0.4769,0.4759,0.4768,7768.93
WCTUSDTSWAP,3,20250604,205700,0.4769,0.4777,0.4767,0.4772,9094.01
WCTUSDTSWAP,3,20250604,210000,0.4773,0.479,0.4771,0.4774,19640.42
WCTUSDTSWAP,3,20250604,210300,0.4773,0.4786,0.4771,0.4778,8950.81
WCTUSDTSWAP,3,20250604,210600,0.4778,0.4778,0.4752,0.4755,16602.12
WCTUSDTSWAP,3,20250604,210900,0.4755,0.4772,0.4755,0.477,15547.9
WCTUSDTSWAP,3,20250604,211200,0.477,0.4773,0.4763,0.4763,6169.52
WCTUSDTSWAP,3,20250604,211500,0.4763,0.4771,0.4762,0.4767,4248.12
WCTUSDTSWAP,3,20250604,211800,0.4766,0.4768,0.4758,0.4762,9018.23
WCTUSDTSWAP,3,20250604,212100,0.4762,0.478,0.4761,0.4777,8123.97
WCTUSDTSWAP,3,20250604,212400,0.4778,0.48,0.4778,0.4792,19561.61
WCTUSDTSWAP,3,20250604,212700,0.4791,0.4814,0.4791,0.4812,12533.26
WCTUSDTSWAP,3,20250604,213000,0.4811,0.4827,0.4806,0.4811,49387.8
WCTUSDTSWAP,3,20250604,213300,0.4811,0.482,0.4803,0.4818,6678.63
WCTUSDTSWAP,3,20250604,213600,0.4819,0.4826,0.48,0.4801,14724.94
WCTUSDTSWAP,3,20250604,213900,0.48,0.4805,0.479,0.4799,15029.76
WCTUSDTSWAP,3,20250604,214200,0.4798,0.4801,0.4791,0.4799,11239.79
WCTUSDTSWAP,3,20250604,214500,0.48,0.481,0.4798,0.48,7229.28
WCTUSDTSWAP,3,20250604,214800,0.4801,0.4815,0.4801,0.4807,7816.99
WCTUSDTSWAP,3,20250604,215100,0.4807,0.4821,0.4807,0.4818,13272.61
WCTUSDTSWAP,3,20250604,215400,0.4818,0.4825,0.4813,0.4823,9424.49
WCTUSDTSWAP,3,20250604,215700,0.4822,0.4833,0.4822,0.4831,12318.28
WCTUSDTSWAP,3,20250604,220000,0.4832,0.4833,0.4815,0.4827,10498.49
WCTUSDTSWAP,3,20250604,220300,0.4827,0.4833,0.4818,0.482,12450.28
WCTUSDTSWAP,3,20250604,220600,0.482,0.4824,0.4814,0.4823,6755.71
WCTUSDTSWAP,3,20250604,220900,0.4824,0.4826,0.4814,0.4826,10677.44
WCTUSDTSWAP,3,20250604,221200,0.4825,0.4834,0.4821,0.4833,5565.15
WCTUSDTSWAP,3,20250604,221500,0.4832,0.4836,0.4814,0.4818,9103.97
WCTUSDTSWAP,3,20250604,221800,0.4818,0.4825,0.4814,0.482,10020.96
WCTUSDTSWAP,3,20250604,222100,0.4819,0.4829,0.4813,0.4828,7960.51
WCTUSDTSWAP,3,20250604,222400,0.4827,0.4828,0.4826,0.4828,420.91