<TICKER>,<PER>,<DATE>,<TIME>,<OPEN>,<HIGH>,<LOW>,<CLOSE>,<VOL>
WUSDTSWAP,1440,20250225,030000,0.1355,0.1427,0.1241,0.1389,10670685.16
WUSDTSWAP,1440,20250226,030000,0.1389,0.1423,0.1311,0.1385,5039147.96
WUSDTSWAP,1440,20250227,030000,0.1385,0.1458,0.1355,0.1407,3697278.83
WUSDTSWAP,1440,20250228,030000,0.1407,0.1446,0.1304,0.1405,7313490.32
WUSDTSWAP,1440,20250301,030000,0.1405,0.1428,0.1329,0.1355,2676892.97
WUSDTSWAP,1440,20250302,030000,0.1354,0.1479,0.1323,0.1458,6007030.34
WUSDTSWAP,1440,20250303,030000,0.1458,0.1462,0.1122,0.1168,13104823.16
WUSDTSWAP,1440,20250304,030000,0.1168,0.1176,0.1003,0.1103,11440773.86
WUSDTSWAP,1440,20250305,030000,0.1102,0.1128,0.1067,0.1108,4297077.42
WUSDTSWAP,1440,20250306,030000,0.1108,0.1128,0.103,0.1054,4829469.29
WUSDTSWAP,1440,20250307,030000,0.1054,0.1069,0.0987,0.1,6381081.06
WUSDTSWAP,1440,20250308,030000,0.0999,0.1019,0.0974,0.0998,3280727.69
WUSDTSWAP,1440,20250309,030000,0.0999,0.1009,0.0854,0.0875,6127427.44
WUSDTSWAP,1440,20250310,030000,0.0876,0.1013,0.0822,0.0839,9558582.8
WUSDTSWAP,1440,20250311,030000,0.084,0.0909,0.076,0.0867,9252780.85
WUSDTSWAP,1440,20250312,030000,0.0866,0.0907,0.0821,0.09,7277141.93
WUSDTSWAP,1440,20250313,030000,0.09,0.0907,0.082,0.0843,5057397.9
WUSDTSWAP,1440,20250314,030000,0.0842,0.09,0.0838,0.0875,3739710.92
WUSDTSWAP,1440,20250315,030000,0.0875,0.0928,0.0865,0.0914,3195979.32
WUSDTSWAP,1440,20250316,030000,0.0914,0.0914,0.0838,0.0846,4182143.0
WUSDTSWAP,1440,20250317,030000,0.0846,0.0919,0.0846,0.08985,5669058.94
WUSDTSWAP,1440,20250318,030000,0.08982,0.08992,0.08279,0.0856,4028101.22
WUSDTSWAP,1440,20250319,030000,0.08558,0.08839,0.08251,0.08836,6797605.79
WUSDTSWAP,1440,20250320,030000,0.08835,0.089,0.08097,0.08254,5234006.32
WUSDTSWAP,1440,20250321,030000,0.08253,0.08456,0.0798,0.08245,5876280.68
WUSDTSWAP,1440,20250322,030000,0.08245,0.09488,0.08209,0.08912,12439822.42
WUSDTSWAP,1440,20250323,030000,0.08915,0.13076,0.08816,0.10804,251628361.48
WUSDTSWAP,1440,20250324,030000,0.10801,0.10873,0.1013,0.10588,72996342.67
WUSDTSWAP,1440,20250325,030000,0.10589,0.10592,0.09875,0.10118,32538421.67
WUSDTSWAP,1440,20250326,030000,0.10117,0.10487,0.09804,0.10336,27328344.62
WUSDTSWAP,1440,20250327,030000,0.10336,0.10803,0.10089,0.10125,30188678.82
WUSDTSWAP,1440,20250328,030000,0.10125,0.10224,0.08907,0.09198,23575396.58
WUSDTSWAP,1440,20250329,030000,0.09196,0.09602,0.08258,0.08429,25676251.93
WUSDTSWAP,1440,20250330,030000,0.0843,0.08739,0.08249,0.08482,45765676.57
WUSDTSWAP,1440,20250331,030000,0.08483,0.08568,0.08035,0.08196,37136044.2
WUSDTSWAP,1440,20250401,030000,0.08194,0.08445,0.07856,0.07898,15070326.55
WUSDTSWAP,1440,20250402,030000,0.07898,0.08196,0.07315,0.07882,32647432.49
WUSDTSWAP,1440,20250403,030000,0.07883,0.09088,0.07752,0.09033,76115629.19
WUSDTSWAP,1440,20250404,030000,0.09032,0.09283,0.08385,0.08806,34308820.8
WUSDTSWAP,1440,20250405,030000,0.08806,0.0882,0.08092,0.08211,10311791.57
WUSDTSWAP,1440,20250406,030000,0.0821,0.08273,0.07193,0.07396,16229913.87
WUSDTSWAP,1440,20250407,030000,0.07395,0.07897,0.06626,0.07393,24420637.32
WUSDTSWAP,1440,20250408,030000,0.07394,0.07574,0.06801,0.06995,16122843.33
WUSDTSWAP,1440,20250409,030000,0.06995,0.07645,0.06654,0.07555,15215264.77
WUSDTSWAP,1440,20250410,030000,0.07556,0.07573,0.06862,0.06996,9631159.59
WUSDTSWAP,1440,20250411,030000,0.06996,0.07493,0.06876,0.07424,12766210.34
WUSDTSWAP,1440,20250412,030000,0.07424,0.07791,0.07399,0.07711,12610777.3
WUSDTSWAP,1440,20250413,030000,0.0771,0.08217,0.06981,0.07077,18373528.06
WUSDTSWAP,1440,20250414,030000,0.07076,0.07584,0.07054,0.07149,7657893.44
WUSDTSWAP,1440,20250415,030000,0.0715,0.07299,0.06836,0.06884,4844539.56
WUSDTSWAP,1440,20250416,030000,0.06884,0.06955,0.06463,0.06626,6512668.85
WUSDTSWAP,1440,20250417,030000,0.06627,0.06798,0.06489,0.06695,4822729.07
WUSDTSWAP,1440,20250418,030000,0.06695,0.07384,0.06648,0.07099,6476802.99
WUSDTSWAP,1440,20250419,030000,0.071,0.07399,0.07007,0.07347,2566915.26
WUSDTSWAP,1440,20250420,030000,0.07346,0.08094,0.07203,0.07964,5116407.61
WUSDTSWAP,1440,20250421,030000,0.07963,0.08891,0.07667,0.07738,17254849.91
WUSDTSWAP,1440,20250422,030000,0.07737,0.08137,0.07486,0.08097,8013211.67
WUSDTSWAP,1440,20250423,030000,0.08096,0.08425,0.08023,0.08173,7441437.27
WUSDTSWAP,1440,20250424,030000,0.08171,0.08429,0.07733,0.08359,4649023.64
WUSDTSWAP,1440,20250425,030000,0.08357,0.08549,0.08153,0.08476,5191746.14
WUSDTSWAP,1440,20250426,030000,0.08477,0.09181,0.08477,0.09105,6899396.65
WUSDTSWAP,1440,20250427,030000,0.09107,0.09107,0.08543,0.08607,5600553.83
WUSDTSWAP,1440,20250428,030000,0.08605,0.09219,0.08166,0.0897,5882193.16
WUSDTSWAP,1440,20250429,030000,0.08971,0.09401,0.08483,0.08619,6838138.29
WUSDTSWAP,1440,20250430,030000,0.08618,0.08928,0.08262,0.08726,4721714.47
WUSDTSWAP,1440,20250501,030000,0.0873,0.09265,0.08672,0.08994,3593618.6
WUSDTSWAP,1440,20250502,030000,0.08994,0.09352,0.08646,0.08816,4504113.8
WUSDTSWAP,1440,20250503,030000,0.08817,0.0882,0.08062,0.08085,3229952.77
WUSDTSWAP,1440,20250504,030000,0.08085,0.0811,0.0774,0.07835,3491079.96
WUSDTSWAP,1440,20250505,030000,0.07837,0.08055,0.07616,0.07765,3540197.74
WUSDTSWAP,1440,20250506,030000,0.07766,0.08018,0.07334,0.07701,5878288.25
WUSDTSWAP,1440,20250507,030000,0.07703,0.07954,0.07583,0.07938,3495998.54
WUSDTSWAP,1440,20250508,030000,0.07938,0.09072,0.07933,0.09062,5303893.77
WUSDTSWAP,1440,20250509,030000,0.0906,0.0997,0.09006,0.09934,6721074.75
WUSDTSWAP,1440,20250510,030000,0.09931,0.1067,0.09717,0.1067,7182631.6
WUSDTSWAP,1440,20250511,030000,0.10668,0.10712,0.09937,0.10377,6219013.44
WUSDTSWAP,1440,20250512,030000,0.10375,0.10968,0.0991,0.10452,8336540.23
WUSDTSWAP,1440,20250513,030000,0.10449,0.11299,0.097,0.10981,10805242.25
WUSDTSWAP,1440,20250514,030000,0.1098,0.11772,0.10606,0.10676,12171719.9
WUSDTSWAP,1440,20250515,030000,0.10672,0.10727,0.09486,0.09735,10930061.02
WUSDTSWAP,1440,20250516,030000,0.09736,0.10287,0.09516,0.09545,7095504.7
WUSDTSWAP,1440,20250517,030000,0.09545,0.09579,0.09102,0.09331,6525380.55
WUSDTSWAP,1440,20250518,030000,0.09333,0.10072,0.09167,0.09756,5312291.99
WUSDTSWAP,1440,20250519,030000,0.09762,0.09853,0.08937,0.09428,6442078.13
WUSDTSWAP,1440,20250520,030000,0.09429,0.09664,0.09107,0.09581,4795017.53
WUSDTSWAP,1440,20250521,030000,0.09585,0.10129,0.09339,0.09828,5561386.08
WUSDTSWAP,1440,20250522,030000,0.09829,0.11494,0.09811,0.10891,13791149.61
WUSDTSWAP,1440,20250523,030000,0.10893,0.11121,0.09539,0.09606,10274442.96
WUSDTSWAP,1440,20250524,030000,0.09604,0.10275,0.09549,0.09693,3440175.18
WUSDTSWAP,1440,20250525,030000,0.09694,0.09934,0.09161,0.0988,4476510.64
WUSDTSWAP,1440,20250526,030000,0.09881,0.10179,0.0975,0.1015,4225896.69
WUSDTSWAP,1440,20250527,030000,0.10149,0.10692,0.09853,0.1032,5349876.98
WUSDTSWAP,1440,20250528,030000,0.10322,0.10457,0.09795,0.10214,4285198.74
WUSDTSWAP,1440,20250529,030000,0.10215,0.10519,0.09548,0.09602,5066069.7
WUSDTSWAP,1440,20250530,030000,0.09603,0.09651,0.07952,0.0804,7447251.53
WUSDTSWAP,1440,20250531,030000,0.08041,0.0806,0.07526,0.07817,5179034.9
WUSDTSWAP,1440,20250601,030000,0.07816,0.08185,0.07594,0.08157,3156150.2
WUSDTSWAP,1440,20250602,030000,0.08156,0.08256,0.07766,0.08156,4250395.74
WUSDTSWAP,1440,20250603,030000,0.08158,0.08534,0.08135,0.08194,2643100.96
WUSDTSWAP,1440,20250604,030000,0.08195,0.08347,0.07923,0.07951,2834388.83