<TICKER>,<PER>,<DATE>,<TIME>,<OPEN>,<HIGH>,<LOW>,<CLOSE>,<VOL>
XUSDTSWAP,3,20250604,172700,0.00007423,0.00007423,0.00007409,0.00007413,0.27
XUSDTSWAP,3,20250604,173000,0.00007413,0.00007424,0.00007409,0.00007424,0.46
XUSDTSWAP,3,20250604,173300,0.00007423,0.00007426,0.000074,0.00007413,3.77
XUSDTSWAP,3,20250604,173600,0.0000741,0.00007413,0.000074,0.00007413,2.68
XUSDTSWAP,3,20250604,173900,0.00007411,0.00007431,0.00007411,0.00007429,0.09
XUSDTSWAP,3,20250604,174200,0.0000743,0.00007431,0.00007423,0.00007426,0.07
XUSDTSWAP,3,20250604,174500,0.00007425,0.00007446,0.00007425,0.00007446,0.25
XUSDTSWAP,3,20250604,174800,0.00007446,0.00007467,0.00007442,0.00007451,2.16
XUSDTSWAP,3,20250604,175100,0.0000745,0.00007454,0.00007442,0.0000745,0.4
XUSDTSWAP,3,20250604,175400,0.00007451,0.00007475,0.00007451,0.00007472,0.74
XUSDTSWAP,3,20250604,175700,0.00007472,0.00007489,0.0000747,0.00007488,0.73
XUSDTSWAP,3,20250604,180000,0.00007487,0.0000749,0.00007468,0.00007469,0.2
XUSDTSWAP,3,20250604,180300,0.00007467,0.00007468,0.00007442,0.00007447,4.11
XUSDTSWAP,3,20250604,180600,0.00007448,0.00007477,0.00007442,0.00007455,0.61
XUSDTSWAP,3,20250604,180900,0.00007455,0.00007471,0.00007451,0.00007471,0.6
XUSDTSWAP,3,20250604,181200,0.0000747,0.00007476,0.00007463,0.00007468,0.25
XUSDTSWAP,3,20250604,181500,0.00007468,0.00007495,0.00007468,0.00007485,1.0
XUSDTSWAP,3,20250604,181800,0.00007484,0.00007494,0.00007477,0.00007479,1.84
XUSDTSWAP,3,20250604,182100,0.00007478,0.00007492,0.0000747,0.00007489,0.26
XUSDTSWAP,3,20250604,182400,0.0000749,0.00007494,0.00007472,0.0000748,0.86
XUSDTSWAP,3,20250604,182700,0.00007478,0.00007484,0.00007475,0.00007475,0.45
XUSDTSWAP,3,20250604,183000,0.00007477,0.00007482,0.00007465,0.00007478,0.76
XUSDTSWAP,3,20250604,183300,0.00007477,0.00007487,0.00007472,0.00007478,0.38
XUSDTSWAP,3,20250604,183600,0.00007476,0.0000751,0.00007476,0.00007506,1.32
XUSDTSWAP,3,20250604,183900,0.00007506,0.00007565,0.00007503,0.00007546,14.95
XUSDTSWAP,3,20250604,184200,0.00007547,0.00007566,0.00007543,0.00007553,1.09
XUSDTSWAP,3,20250604,184500,0.00007554,0.00007573,0.00007551,0.00007551,1.56
XUSDTSWAP,3,20250604,184800,0.0000755,0.00007554,0.00007528,0.00007534,2.06
XUSDTSWAP,3,20250604,185100,0.00007533,0.00007544,0.00007528,0.00007536,1.1
XUSDTSWAP,3,20250604,185400,0.00007536,0.00007576,0.00007536,0.0000757,2.35
XUSDTSWAP,3,20250604,185700,0.00007562,0.00007565,0.00007548,0.00007551,0.55
XUSDTSWAP,3,20250604,190000,0.00007552,0.00007552,0.0000752,0.0000753,1.21
XUSDTSWAP,3,20250604,190300,0.00007532,0.00007537,0.00007522,0.00007527,0.45
XUSDTSWAP,3,20250604,190600,0.00007527,0.00007527,0.00007517,0.00007517,0.86
XUSDTSWAP,3,20250604,190900,0.0000752,0.00007528,0.0000752,0.00007528,0.29
XUSDTSWAP,3,20250604,191200,0.00007525,0.00007525,0.00007517,0.00007517,1.0
XUSDTSWAP,3,20250604,191500,0.00007516,0.00007516,0.00007474,0.00007486,1.56
XUSDTSWAP,3,20250604,191800,0.00007484,0.00007504,0.00007474,0.00007504,0.43
XUSDTSWAP,3,20250604,192100,0.00007504,0.00007507,0.00007483,0.00007486,0.39
XUSDTSWAP,3,20250604,192400,0.00007486,0.00007489,0.00007474,0.00007484,0.29
XUSDTSWAP,3,20250604,192700,0.00007484,0.00007495,0.00007484,0.00007492,0.18
XUSDTSWAP,3,20250604,193000,0.0000749,0.000075,0.00007489,0.00007494,0.25
XUSDTSWAP,3,20250604,193300,0.00007497,0.00007502,0.00007495,0.00007502,0.21
XUSDTSWAP,3,20250604,193600,0.00007501,0.00007501,0.00007492,0.000075,0.14
XUSDTSWAP,3,20250604,193900,0.00007501,0.00007513,0.00007501,0.00007509,0.15
XUSDTSWAP,3,20250604,194200,0.00007508,0.00007508,0.00007489,0.0000749,0.32
XUSDTSWAP,3,20250604,194500,0.00007491,0.00007497,0.00007484,0.00007494,0.28
XUSDTSWAP,3,20250604,194800,0.00007492,0.00007504,0.00007487,0.00007504,0.24
XUSDTSWAP,3,20250604,195100,0.00007501,0.00007501,0.0000749,0.00007492,0.31
XUSDTSWAP,3,20250604,195400,0.00007493,0.00007502,0.00007493,0.00007495,0.1
XUSDTSWAP,3,20250604,195700,0.00007496,0.00007496,0.00007484,0.00007492,0.43
XUSDTSWAP,3,20250604,200000,0.00007492,0.00007499,0.00007477,0.00007481,0.76
XUSDTSWAP,3,20250604,200300,0.00007482,0.00007488,0.00007469,0.00007475,0.29
XUSDTSWAP,3,20250604,200600,0.00007473,0.00007473,0.00007404,0.00007427,18.69
XUSDTSWAP,3,20250604,200900,0.00007429,0.0000743,0.00007395,0.00007397,3.86
XUSDTSWAP,3,20250604,201200,0.000074,0.00007428,0.00007397,0.00007425,1.69
XUSDTSWAP,3,20250604,201500,0.00007421,0.00007421,0.00007407,0.00007414,0.95
XUSDTSWAP,3,20250604,201800,0.00007414,0.00007433,0.00007414,0.00007429,0.67
XUSDTSWAP,3,20250604,202100,0.00007431,0.00007434,0.0000742,0.00007428,0.78
XUSDTSWAP,3,20250604,202400,0.00007426,0.00007426,0.00007399,0.00007408,0.6
XUSDTSWAP,3,20250604,202700,0.00007409,0.00007415,0.00007402,0.00007405,0.18
XUSDTSWAP,3,20250604,203000,0.00007402,0.00007402,0.00007373,0.0000738,0.87
XUSDTSWAP,3,20250604,203300,0.00007375,0.00007395,0.00007368,0.0000739,0.25
XUSDTSWAP,3,20250604,203600,0.00007388,0.00007388,0.0000737,0.00007375,0.65
XUSDTSWAP,3,20250604,203900,0.00007377,0.00007394,0.00007375,0.00007394,0.19
XUSDTSWAP,3,20250604,204200,0.00007391,0.00007391,0.00007378,0.00007383,0.59
XUSDTSWAP,3,20250604,204500,0.00007383,0.00007391,0.0000737,0.00007378,0.17
XUSDTSWAP,3,20250604,204800,0.00007373,0.00007391,0.00007373,0.0000738,0.8
XUSDTSWAP,3,20250604,205100,0.00007378,0.00007394,0.00007373,0.00007394,0.71
XUSDTSWAP,3,20250604,205400,0.00007391,0.00007406,0.00007391,0.00007393,0.28
XUSDTSWAP,3,20250604,205700,0.00007397,0.00007402,0.00007396,0.00007399,0.13
XUSDTSWAP,3,20250604,210000,0.00007399,0.00007412,0.00007397,0.00007408,0.08
XUSDTSWAP,3,20250604,210300,0.00007407,0.00007418,0.00007407,0.00007412,0.13
XUSDTSWAP,3,20250604,210600,0.00007411,0.00007411,0.00007382,0.00007388,0.42
XUSDTSWAP,3,20250604,210900,0.00007387,0.00007405,0.00007387,0.00007405,0.07
XUSDTSWAP,3,20250604,211200,0.00007402,0.0000741,0.000074,0.00007409,0.06
XUSDTSWAP,3,20250604,211500,0.00007411,0.00007414,0.00007409,0.00007411,0.04
XUSDTSWAP,3,20250604,211800,0.00007411,0.00007416,0.000074,0.00007409,0.65
XUSDTSWAP,3,20250604,212100,0.00007408,0.00007412,0.00007407,0.00007411,0.12
XUSDTSWAP,3,20250604,212400,0.00007412,0.00007422,0.00007412,0.00007421,0.19
XUSDTSWAP,3,20250604,212700,0.00007422,0.00007429,0.0000742,0.0000742,0.04
XUSDTSWAP,3,20250604,213000,0.00007418,0.00007424,0.00007411,0.00007418,0.26
XUSDTSWAP,3,20250604,213300,0.00007416,0.00007416,0.00007406,0.00007406,0.12
XUSDTSWAP,3,20250604,213600,0.00007408,0.00007408,0.00007401,0.00007401,0.04
XUSDTSWAP,3,20250604,213900,0.00007401,0.00007401,0.00007395,0.00007395,0.04
XUSDTSWAP,3,20250604,214200,0.00007396,0.00007409,0.00007396,0.00007404,0.12
XUSDTSWAP,3,20250604,214500,0.00007406,0.00007407,0.00007396,0.00007404,0.05
XUSDTSWAP,3,20250604,214800,0.00007405,0.00007408,0.00007387,0.0000739,0.15
XUSDTSWAP,3,20250604,215100,0.00007388,0.0000739,0.00007382,0.0000739,0.48
XUSDTSWAP,3,20250604,215400,0.00007387,0.0000739,0.00007363,0.00007367,0.26
XUSDTSWAP,3,20250604,215700,0.00007367,0.00007378,0.00007366,0.00007374,1.0
XUSDTSWAP,3,20250604,220000,0.00007373,0.00007377,0.00007367,0.00007376,0.18
XUSDTSWAP,3,20250604,220300,0.00007376,0.00007392,0.00007371,0.00007386,0.11
XUSDTSWAP,3,20250604,220600,0.00007388,0.00007392,0.00007378,0.0000739,0.33
XUSDTSWAP,3,20250604,220900,0.00007385,0.00007385,0.00007362,0.00007379,0.45
XUSDTSWAP,3,20250604,221200,0.0000738,0.00007392,0.0000738,0.0000739,0.02
XUSDTSWAP,3,20250604,221500,0.00007388,0.00007388,0.00007374,0.0000738,0.2
XUSDTSWAP,3,20250604,221800,0.00007382,0.000074,0.00007382,0.000074,0.11
XUSDTSWAP,3,20250604,222100,0.00007394,0.00007401,0.00007392,0.00007397,0.27
XUSDTSWAP,3,20250604,222400,0.00007396,0.00007396,0.00007392,0.00007392,0.03