<TICKER>,<PER>,<DATE>,<TIME>,<OPEN>,<HIGH>,<LOW>,<CLOSE>,<VOL>
ZENTUSDTSWAP,3,20250604,172700,0.008208,0.008212,0.008166,0.00818,154.24
ZENTUSDTSWAP,3,20250604,173000,0.00818,0.008201,0.008173,0.008198,20.0
ZENTUSDTSWAP,3,20250604,173300,0.008198,0.008215,0.008189,0.008196,67.63
ZENTUSDTSWAP,3,20250604,173600,0.008194,0.008194,0.008172,0.008178,24.25
ZENTUSDTSWAP,3,20250604,173900,0.00817,0.008196,0.00817,0.008188,18.81
ZENTUSDTSWAP,3,20250604,174200,0.008193,0.008204,0.008191,0.008204,5.12
ZENTUSDTSWAP,3,20250604,174500,0.008202,0.008216,0.008202,0.008214,30.74
ZENTUSDTSWAP,3,20250604,174800,0.008212,0.008234,0.008208,0.008228,31.89
ZENTUSDTSWAP,3,20250604,175100,0.008227,0.008235,0.008208,0.008235,50.92
ZENTUSDTSWAP,3,20250604,175400,0.008231,0.008239,0.00823,0.008233,13.01
ZENTUSDTSWAP,3,20250604,175700,0.008233,0.008292,0.008233,0.008278,100.69
ZENTUSDTSWAP,3,20250604,180000,0.008282,0.008292,0.008256,0.008267,56.08
ZENTUSDTSWAP,3,20250604,180300,0.008261,0.008267,0.008246,0.008248,25.53
ZENTUSDTSWAP,3,20250604,180600,0.008249,0.008293,0.008249,0.008252,88.88
ZENTUSDTSWAP,3,20250604,180900,0.00825,0.008264,0.008249,0.008263,43.69
ZENTUSDTSWAP,3,20250604,181200,0.00826,0.00828,0.008258,0.008277,21.64
ZENTUSDTSWAP,3,20250604,181500,0.00827,0.008298,0.008269,0.008284,27.34
ZENTUSDTSWAP,3,20250604,181800,0.008285,0.008297,0.008278,0.008281,43.45
ZENTUSDTSWAP,3,20250604,182100,0.008276,0.008296,0.008267,0.008282,19.83
ZENTUSDTSWAP,3,20250604,182400,0.008283,0.008288,0.008272,0.008275,14.64
ZENTUSDTSWAP,3,20250604,182700,0.008278,0.008278,0.00826,0.008267,110.84
ZENTUSDTSWAP,3,20250604,183000,0.008263,0.008264,0.008252,0.008259,7.56
ZENTUSDTSWAP,3,20250604,183300,0.008256,0.00826,0.008237,0.008256,17.57
ZENTUSDTSWAP,3,20250604,183600,0.008253,0.008271,0.008245,0.008271,19.8
ZENTUSDTSWAP,3,20250604,183900,0.008265,0.008275,0.008253,0.008267,27.3
ZENTUSDTSWAP,3,20250604,184200,0.008262,0.008269,0.008252,0.008257,12.91
ZENTUSDTSWAP,3,20250604,184500,0.008257,0.008265,0.008249,0.008249,19.63
ZENTUSDTSWAP,3,20250604,184800,0.008247,0.008247,0.008224,0.008242,30.67
ZENTUSDTSWAP,3,20250604,185100,0.008233,0.008251,0.008233,0.008247,6.13
ZENTUSDTSWAP,3,20250604,185400,0.008236,0.008276,0.008236,0.008271,18.25
ZENTUSDTSWAP,3,20250604,185700,0.008269,0.008275,0.008252,0.008256,13.26
ZENTUSDTSWAP,3,20250604,190000,0.008256,0.008256,0.008246,0.008248,12.21
ZENTUSDTSWAP,3,20250604,190300,0.008248,0.008249,0.008245,0.008247,7.41
ZENTUSDTSWAP,3,20250604,190600,0.008246,0.008246,0.008225,0.008236,50.36
ZENTUSDTSWAP,3,20250604,190900,0.008227,0.008238,0.008227,0.008231,9.68
ZENTUSDTSWAP,3,20250604,191200,0.008228,0.008238,0.008228,0.008238,4.72
ZENTUSDTSWAP,3,20250604,191500,0.008236,0.008239,0.008206,0.008221,25.45
ZENTUSDTSWAP,3,20250604,191800,0.008223,0.008252,0.008223,0.008252,16.5
ZENTUSDTSWAP,3,20250604,192100,0.008251,0.008267,0.008246,0.008248,8.66
ZENTUSDTSWAP,3,20250604,192400,0.008248,0.008259,0.008236,0.008249,28.52
ZENTUSDTSWAP,3,20250604,192700,0.008245,0.008252,0.008229,0.008244,41.08
ZENTUSDTSWAP,3,20250604,193000,0.008241,0.008248,0.00824,0.008247,13.1
ZENTUSDTSWAP,3,20250604,193300,0.008248,0.00826,0.008245,0.008254,12.0
ZENTUSDTSWAP,3,20250604,193600,0.008254,0.008266,0.008251,0.008264,4.44
ZENTUSDTSWAP,3,20250604,193900,0.008263,0.008272,0.008259,0.008259,15.41
ZENTUSDTSWAP,3,20250604,194200,0.008258,0.00826,0.008248,0.008248,19.37
ZENTUSDTSWAP,3,20250604,194500,0.008247,0.008252,0.008236,0.008243,11.0
ZENTUSDTSWAP,3,20250604,194800,0.008244,0.008252,0.008228,0.008252,6.97
ZENTUSDTSWAP,3,20250604,195100,0.008249,0.008256,0.008249,0.008253,4.45
ZENTUSDTSWAP,3,20250604,195400,0.008251,0.00826,0.008251,0.008258,6.26
ZENTUSDTSWAP,3,20250604,195700,0.008258,0.008267,0.008256,0.008267,1.79
ZENTUSDTSWAP,3,20250604,200000,0.008271,0.008277,0.008257,0.008271,6.25
ZENTUSDTSWAP,3,20250604,200300,0.008272,0.008286,0.008272,0.008281,8.11
ZENTUSDTSWAP,3,20250604,200600,0.008282,0.008287,0.008272,0.008284,21.12
ZENTUSDTSWAP,3,20250604,200900,0.008287,0.008287,0.008272,0.00828,11.75
ZENTUSDTSWAP,3,20250604,201200,0.008284,0.008301,0.008284,0.008296,5.0
ZENTUSDTSWAP,3,20250604,201500,0.008296,0.0083,0.008286,0.008286,50.9
ZENTUSDTSWAP,3,20250604,201800,0.008286,0.008311,0.008286,0.008304,18.55
ZENTUSDTSWAP,3,20250604,202100,0.008309,0.008322,0.008303,0.008319,31.67
ZENTUSDTSWAP,3,20250604,202400,0.008323,0.008323,0.008296,0.008318,39.28
ZENTUSDTSWAP,3,20250604,202700,0.008314,0.008318,0.008309,0.008312,50.86
ZENTUSDTSWAP,3,20250604,203000,0.008312,0.008312,0.00827,0.00828,74.37
ZENTUSDTSWAP,3,20250604,203300,0.008282,0.008295,0.008265,0.008295,77.33
ZENTUSDTSWAP,3,20250604,203600,0.008292,0.008293,0.008264,0.008284,46.76
ZENTUSDTSWAP,3,20250604,203900,0.008288,0.008315,0.008286,0.008315,7.63
ZENTUSDTSWAP,3,20250604,204200,0.008312,0.00834,0.00831,0.008333,75.72
ZENTUSDTSWAP,3,20250604,204500,0.008333,0.008368,0.008332,0.008343,89.6
ZENTUSDTSWAP,3,20250604,204800,0.008347,0.008373,0.00834,0.008351,33.82
ZENTUSDTSWAP,3,20250604,205100,0.008355,0.008377,0.008355,0.008377,21.24
ZENTUSDTSWAP,3,20250604,205400,0.008375,0.008414,0.008368,0.008399,221.32
ZENTUSDTSWAP,3,20250604,205700,0.008401,0.008425,0.0084,0.008418,36.83
ZENTUSDTSWAP,3,20250604,210000,0.008423,0.008457,0.008416,0.008434,50.41
ZENTUSDTSWAP,3,20250604,210300,0.008442,0.008507,0.008442,0.008505,94.48
ZENTUSDTSWAP,3,20250604,210600,0.008507,0.008577,0.008505,0.008539,185.0
ZENTUSDTSWAP,3,20250604,210900,0.008552,0.008569,0.008534,0.008561,33.9
ZENTUSDTSWAP,3,20250604,211200,0.008558,0.008575,0.008544,0.008572,85.98
ZENTUSDTSWAP,3,20250604,211500,0.008571,0.008603,0.008518,0.008532,204.02
ZENTUSDTSWAP,3,20250604,211800,0.008531,0.008558,0.008505,0.008549,95.36
ZENTUSDTSWAP,3,20250604,212100,0.008547,0.008568,0.008541,0.008555,14.74
ZENTUSDTSWAP,3,20250604,212400,0.008558,0.008574,0.008521,0.008522,54.1
ZENTUSDTSWAP,3,20250604,212700,0.008526,0.008526,0.008484,0.008515,56.23
ZENTUSDTSWAP,3,20250604,213000,0.008513,0.008515,0.008495,0.008505,34.94
ZENTUSDTSWAP,3,20250604,213300,0.0085,0.008508,0.008462,0.00847,60.43
ZENTUSDTSWAP,3,20250604,213600,0.008459,0.008462,0.008425,0.008441,57.7
ZENTUSDTSWAP,3,20250604,213900,0.008438,0.008451,0.008425,0.008451,24.54
ZENTUSDTSWAP,3,20250604,214200,0.008456,0.008488,0.008451,0.008488,21.77
ZENTUSDTSWAP,3,20250604,214500,0.008484,0.008488,0.008466,0.008467,6.64
ZENTUSDTSWAP,3,20250604,214800,0.008466,0.008466,0.00845,0.008464,12.78
ZENTUSDTSWAP,3,20250604,215100,0.008458,0.008458,0.008432,0.008436,51.93
ZENTUSDTSWAP,3,20250604,215400,0.008433,0.008433,0.008395,0.008414,29.61
ZENTUSDTSWAP,3,20250604,215700,0.008412,0.008444,0.008411,0.008433,199.15
ZENTUSDTSWAP,3,20250604,220000,0.008425,0.008473,0.008421,0.008473,185.49
ZENTUSDTSWAP,3,20250604,220300,0.008472,0.008479,0.008453,0.008453,24.77
ZENTUSDTSWAP,3,20250604,220600,0.008457,0.008462,0.008442,0.008457,15.63
ZENTUSDTSWAP,3,20250604,220900,0.008459,0.008459,0.008415,0.00843,64.14
ZENTUSDTSWAP,3,20250604,221200,0.008435,0.008439,0.008409,0.008417,31.82
ZENTUSDTSWAP,3,20250604,221500,0.008416,0.008424,0.008343,0.008379,202.6
ZENTUSDTSWAP,3,20250604,221800,0.008383,0.008386,0.00837,0.008379,21.08
ZENTUSDTSWAP,3,20250604,222100,0.00838,0.008382,0.008373,0.008381,18.15
ZENTUSDTSWAP,3,20250604,222400,0.008378,0.008378,0.008376,0.008376,2.65