<TICKER>,<PER>,<DATE>,<TIME>,<OPEN>,<HIGH>,<LOW>,<CLOSE>,<VOL>
ZENTUSDTSWAP,60,20250531,190000,0.00888,0.008927,0.008825,0.008891,234.5
ZENTUSDTSWAP,60,20250531,200000,0.008891,0.008918,0.00885,0.008865,154.65
ZENTUSDTSWAP,60,20250531,210000,0.008862,0.0089,0.008857,0.008885,116.25
ZENTUSDTSWAP,60,20250531,220000,0.008883,0.008901,0.008852,0.008867,61.47
ZENTUSDTSWAP,60,20250531,230000,0.008865,0.008901,0.00886,0.008887,58.23
ZENTUSDTSWAP,60,20250601,000000,0.00889,0.008953,0.008837,0.008879,195.16
ZENTUSDTSWAP,60,20250601,010000,0.008877,0.008889,0.008823,0.008843,159.91
ZENTUSDTSWAP,60,20250601,020000,0.00884,0.008911,0.008817,0.008835,211.83
ZENTUSDTSWAP,60,20250601,030000,0.008838,0.008841,0.008776,0.008793,145.54
ZENTUSDTSWAP,60,20250601,040000,0.008795,0.008848,0.008736,0.00877,393.86
ZENTUSDTSWAP,60,20250601,050000,0.008769,0.008791,0.008714,0.00876,203.33
ZENTUSDTSWAP,60,20250601,060000,0.008762,0.008775,0.008712,0.008741,158.71
ZENTUSDTSWAP,60,20250601,070000,0.008745,0.008805,0.008731,0.00879,181.33
ZENTUSDTSWAP,60,20250601,080000,0.008787,0.008807,0.008653,0.008685,468.35
ZENTUSDTSWAP,60,20250601,090000,0.00869,0.008712,0.008608,0.008628,215.21
ZENTUSDTSWAP,60,20250601,100000,0.008626,0.008637,0.008495,0.008613,1539.4
ZENTUSDTSWAP,60,20250601,110000,0.00861,0.00865,0.008593,0.008622,171.94
ZENTUSDTSWAP,60,20250601,120000,0.008618,0.00864,0.008459,0.008503,510.19
ZENTUSDTSWAP,60,20250601,130000,0.008498,0.008514,0.008457,0.008472,330.16
ZENTUSDTSWAP,60,20250601,140000,0.008471,0.00856,0.008435,0.008517,495.56
ZENTUSDTSWAP,60,20250601,150000,0.008523,0.00854,0.008401,0.008441,416.12
ZENTUSDTSWAP,60,20250601,160000,0.008442,0.00852,0.0084,0.008496,1032.15
ZENTUSDTSWAP,60,20250601,170000,0.008495,0.008623,0.008469,0.008569,858.0
ZENTUSDTSWAP,60,20250601,180000,0.008574,0.008593,0.008544,0.008582,173.95
ZENTUSDTSWAP,60,20250601,190000,0.00858,0.008654,0.008538,0.00861,336.37
ZENTUSDTSWAP,60,20250601,200000,0.008612,0.00866,0.008589,0.008631,149.63
ZENTUSDTSWAP,60,20250601,210000,0.008627,0.008634,0.00852,0.008575,311.2
ZENTUSDTSWAP,60,20250601,220000,0.008588,0.008644,0.008575,0.008637,144.18
ZENTUSDTSWAP,60,20250601,230000,0.008634,0.008649,0.008603,0.008619,141.54
ZENTUSDTSWAP,60,20250602,000000,0.008619,0.008658,0.0086,0.008644,114.43
ZENTUSDTSWAP,60,20250602,010000,0.008656,0.008684,0.008627,0.008649,160.3
ZENTUSDTSWAP,60,20250602,020000,0.008647,0.008691,0.00861,0.008618,270.4
ZENTUSDTSWAP,60,20250602,030000,0.008627,0.008638,0.008593,0.008617,125.11
ZENTUSDTSWAP,60,20250602,040000,0.008615,0.008636,0.008604,0.008618,185.39
ZENTUSDTSWAP,60,20250602,050000,0.008619,0.008635,0.008564,0.008576,258.87
ZENTUSDTSWAP,60,20250602,060000,0.008577,0.008583,0.008531,0.008535,179.03
ZENTUSDTSWAP,60,20250602,070000,0.008543,0.008552,0.008501,0.00852,86.87
ZENTUSDTSWAP,60,20250602,080000,0.008517,0.008557,0.008488,0.008513,213.85
ZENTUSDTSWAP,60,20250602,090000,0.008513,0.008545,0.008499,0.008518,117.73
ZENTUSDTSWAP,60,20250602,100000,0.008522,0.008592,0.008519,0.008569,194.73
ZENTUSDTSWAP,60,20250602,110000,0.008576,0.008628,0.008493,0.008572,1306.83
ZENTUSDTSWAP,60,20250602,120000,0.008569,0.008569,0.00849,0.008516,619.07
ZENTUSDTSWAP,60,20250602,130000,0.008514,0.008514,0.008439,0.008486,394.83
ZENTUSDTSWAP,60,20250602,140000,0.008484,0.008503,0.008457,0.008475,109.32
ZENTUSDTSWAP,60,20250602,150000,0.008476,0.00856,0.008457,0.008531,347.02
ZENTUSDTSWAP,60,20250602,160000,0.008533,0.008601,0.008499,0.008531,175.46
ZENTUSDTSWAP,60,20250602,170000,0.008532,0.008615,0.008478,0.008562,2078.69
ZENTUSDTSWAP,60,20250602,180000,0.008562,0.008606,0.008517,0.00857,177.26
ZENTUSDTSWAP,60,20250602,190000,0.008574,0.008618,0.00853,0.008602,199.32
ZENTUSDTSWAP,60,20250602,200000,0.008607,0.008618,0.008573,0.0086,122.47
ZENTUSDTSWAP,60,20250602,210000,0.008598,0.008636,0.008552,0.008579,253.83
ZENTUSDTSWAP,60,20250602,220000,0.008578,0.008588,0.008512,0.008525,126.99
ZENTUSDTSWAP,60,20250602,230000,0.008523,0.008661,0.008521,0.008652,231.94
ZENTUSDTSWAP,60,20250603,000000,0.008652,0.008713,0.008634,0.008693,212.8
ZENTUSDTSWAP,60,20250603,010000,0.008694,0.008741,0.008691,0.008718,295.35
ZENTUSDTSWAP,60,20250603,020000,0.008715,0.008752,0.008703,0.008721,252.78
ZENTUSDTSWAP,60,20250603,030000,0.008721,0.008805,0.008719,0.008759,278.39
ZENTUSDTSWAP,60,20250603,040000,0.008758,0.00883,0.008758,0.008804,415.13
ZENTUSDTSWAP,60,20250603,050000,0.008805,0.008812,0.008726,0.008752,389.17
ZENTUSDTSWAP,60,20250603,060000,0.008748,0.008758,0.008694,0.00872,273.29
ZENTUSDTSWAP,60,20250603,070000,0.008722,0.00873,0.008661,0.008687,137.25
ZENTUSDTSWAP,60,20250603,080000,0.008687,0.008736,0.008683,0.008721,258.39
ZENTUSDTSWAP,60,20250603,090000,0.008724,0.008739,0.008687,0.008723,165.91
ZENTUSDTSWAP,60,20250603,100000,0.008718,0.008723,0.00865,0.008661,349.59
ZENTUSDTSWAP,60,20250603,110000,0.008659,0.008689,0.008621,0.008654,179.8
ZENTUSDTSWAP,60,20250603,120000,0.008655,0.008715,0.008655,0.008697,168.7
ZENTUSDTSWAP,60,20250603,130000,0.008698,0.008734,0.008685,0.008727,128.49
ZENTUSDTSWAP,60,20250603,140000,0.008726,0.00875,0.008717,0.008729,198.81
ZENTUSDTSWAP,60,20250603,150000,0.008733,0.008767,0.008684,0.008701,1401.07
ZENTUSDTSWAP,60,20250603,160000,0.008698,0.008788,0.00867,0.008776,359.33
ZENTUSDTSWAP,60,20250603,170000,0.008776,0.008831,0.008696,0.008784,1056.02
ZENTUSDTSWAP,60,20250603,180000,0.008789,0.008795,0.008746,0.00875,158.32
ZENTUSDTSWAP,60,20250603,190000,0.008749,0.008768,0.008644,0.008685,607.05
ZENTUSDTSWAP,60,20250603,200000,0.008677,0.008756,0.008676,0.008723,196.95
ZENTUSDTSWAP,60,20250603,210000,0.008722,0.00873,0.008699,0.008717,155.44
ZENTUSDTSWAP,60,20250603,220000,0.008719,0.008744,0.008697,0.00871,118.44
ZENTUSDTSWAP,60,20250603,230000,0.008707,0.008712,0.008579,0.008625,559.81
ZENTUSDTSWAP,60,20250604,000000,0.008623,0.008648,0.008488,0.008544,525.66
ZENTUSDTSWAP,60,20250604,010000,0.00854,0.008568,0.008512,0.008529,128.39
ZENTUSDTSWAP,60,20250604,020000,0.008528,0.008539,0.008444,0.008467,524.69
ZENTUSDTSWAP,60,20250604,030000,0.008468,0.008501,0.008326,0.00837,724.51
ZENTUSDTSWAP,60,20250604,040000,0.00837,0.00846,0.008338,0.008361,685.21
ZENTUSDTSWAP,60,20250604,050000,0.008361,0.008388,0.008294,0.008315,244.66
ZENTUSDTSWAP,60,20250604,060000,0.008318,0.008388,0.008312,0.008332,210.08
ZENTUSDTSWAP,60,20250604,070000,0.008332,0.008365,0.008293,0.008346,262.05
ZENTUSDTSWAP,60,20250604,080000,0.008342,0.008408,0.008291,0.008393,508.08
ZENTUSDTSWAP,60,20250604,090000,0.008394,0.008415,0.008345,0.008379,293.55
ZENTUSDTSWAP,60,20250604,100000,0.00838,0.008404,0.00832,0.008372,158.86
ZENTUSDTSWAP,60,20250604,110000,0.008371,0.008408,0.008353,0.008359,150.95
ZENTUSDTSWAP,60,20250604,120000,0.008354,0.008419,0.008337,0.008378,281.48
ZENTUSDTSWAP,60,20250604,130000,0.008374,0.008402,0.008342,0.008361,210.27
ZENTUSDTSWAP,60,20250604,140000,0.008359,0.008371,0.008152,0.008219,2681.53
ZENTUSDTSWAP,60,20250604,150000,0.008219,0.008241,0.007986,0.008006,2399.87
ZENTUSDTSWAP,60,20250604,160000,0.008012,0.008086,0.007988,0.008084,1124.04
ZENTUSDTSWAP,60,20250604,170000,0.00808,0.008292,0.008063,0.008278,1050.55
ZENTUSDTSWAP,60,20250604,180000,0.008282,0.008298,0.008224,0.008256,626.33
ZENTUSDTSWAP,60,20250604,190000,0.008256,0.008272,0.008206,0.008267,299.79
ZENTUSDTSWAP,60,20250604,200000,0.008271,0.008425,0.008257,0.008418,921.74
ZENTUSDTSWAP,60,20250604,210000,0.008423,0.008603,0.008395,0.008433,1361.94
ZENTUSDTSWAP,60,20250604,220000,0.008425,0.008479,0.008343,0.008376,566.28