<TICKER>,<PER>,<DATE>,<TIME>,<OPEN>,<HIGH>,<LOW>,<CLOSE>,<VOL>
ZEREBROUSDTSWAP,3,20250604,172700,0.03192,0.03192,0.03183,0.03186,335.22
ZEREBROUSDTSWAP,3,20250604,173000,0.03186,0.03188,0.0318,0.03185,463.02
ZEREBROUSDTSWAP,3,20250604,173300,0.03186,0.03194,0.03178,0.03182,1019.71
ZEREBROUSDTSWAP,3,20250604,173600,0.03181,0.03181,0.03165,0.03167,785.8
ZEREBROUSDTSWAP,3,20250604,173900,0.03166,0.03181,0.03166,0.03176,620.06
ZEREBROUSDTSWAP,3,20250604,174200,0.03178,0.0318,0.0317,0.03179,902.42
ZEREBROUSDTSWAP,3,20250604,174500,0.03178,0.03187,0.03168,0.03187,438.02
ZEREBROUSDTSWAP,3,20250604,174800,0.03188,0.03202,0.03188,0.03191,537.69
ZEREBROUSDTSWAP,3,20250604,175100,0.0319,0.03193,0.03186,0.03193,188.98
ZEREBROUSDTSWAP,3,20250604,175400,0.03194,0.03214,0.03194,0.0321,1694.26
ZEREBROUSDTSWAP,3,20250604,175700,0.0321,0.03216,0.03201,0.03213,1148.96
ZEREBROUSDTSWAP,3,20250604,180000,0.03213,0.0322,0.03201,0.03201,1315.82
ZEREBROUSDTSWAP,3,20250604,180300,0.03201,0.0321,0.032,0.03204,991.64
ZEREBROUSDTSWAP,3,20250604,180600,0.03205,0.03228,0.03204,0.03213,1584.84
ZEREBROUSDTSWAP,3,20250604,180900,0.03214,0.03226,0.03214,0.03223,362.76
ZEREBROUSDTSWAP,3,20250604,181200,0.03222,0.03227,0.03217,0.03219,394.63
ZEREBROUSDTSWAP,3,20250604,181500,0.03219,0.03248,0.03219,0.03242,3048.07
ZEREBROUSDTSWAP,3,20250604,181800,0.03241,0.03251,0.03232,0.03237,2875.16
ZEREBROUSDTSWAP,3,20250604,182100,0.03236,0.03247,0.03228,0.03239,579.83
ZEREBROUSDTSWAP,3,20250604,182400,0.03241,0.03253,0.03241,0.03247,1690.38
ZEREBROUSDTSWAP,3,20250604,182700,0.03247,0.03254,0.03239,0.03241,694.6
ZEREBROUSDTSWAP,3,20250604,183000,0.03242,0.03254,0.03232,0.03251,798.86
ZEREBROUSDTSWAP,3,20250604,183300,0.03251,0.03259,0.03244,0.03246,502.31
ZEREBROUSDTSWAP,3,20250604,183600,0.03245,0.03267,0.03244,0.03265,1308.42
ZEREBROUSDTSWAP,3,20250604,183900,0.03264,0.03269,0.03262,0.03266,727.28
ZEREBROUSDTSWAP,3,20250604,184200,0.03266,0.03277,0.03263,0.03269,1245.91
ZEREBROUSDTSWAP,3,20250604,184500,0.03267,0.03276,0.03256,0.03256,3508.4
ZEREBROUSDTSWAP,3,20250604,184800,0.03255,0.0326,0.03248,0.0325,955.8
ZEREBROUSDTSWAP,3,20250604,185100,0.0325,0.03262,0.03249,0.03255,310.83
ZEREBROUSDTSWAP,3,20250604,185400,0.03255,0.03266,0.03253,0.03264,620.44
ZEREBROUSDTSWAP,3,20250604,185700,0.03263,0.03266,0.03251,0.03258,1061.58
ZEREBROUSDTSWAP,3,20250604,190000,0.03259,0.03261,0.03245,0.03247,740.02
ZEREBROUSDTSWAP,3,20250604,190300,0.03247,0.0325,0.03241,0.03243,634.85
ZEREBROUSDTSWAP,3,20250604,190600,0.03243,0.03252,0.03232,0.03233,1297.91
ZEREBROUSDTSWAP,3,20250604,190900,0.03234,0.03242,0.0323,0.03242,842.42
ZEREBROUSDTSWAP,3,20250604,191200,0.03242,0.03244,0.03236,0.03237,581.91
ZEREBROUSDTSWAP,3,20250604,191500,0.03238,0.0324,0.03229,0.03233,926.17
ZEREBROUSDTSWAP,3,20250604,191800,0.03232,0.03242,0.03222,0.03242,808.61
ZEREBROUSDTSWAP,3,20250604,192100,0.03242,0.03246,0.03229,0.03234,1471.19
ZEREBROUSDTSWAP,3,20250604,192400,0.03234,0.03237,0.03227,0.03229,455.7
ZEREBROUSDTSWAP,3,20250604,192700,0.03229,0.03236,0.03228,0.0323,506.79
ZEREBROUSDTSWAP,3,20250604,193000,0.03228,0.03237,0.03226,0.03237,475.48
ZEREBROUSDTSWAP,3,20250604,193300,0.03237,0.03243,0.03234,0.03242,526.14
ZEREBROUSDTSWAP,3,20250604,193600,0.03242,0.03242,0.03234,0.03239,685.62
ZEREBROUSDTSWAP,3,20250604,193900,0.0324,0.03249,0.03234,0.03234,428.94
ZEREBROUSDTSWAP,3,20250604,194200,0.03234,0.03236,0.03229,0.03234,440.7
ZEREBROUSDTSWAP,3,20250604,194500,0.03235,0.0324,0.03229,0.03236,1189.06
ZEREBROUSDTSWAP,3,20250604,194800,0.03235,0.03244,0.03234,0.03241,578.03
ZEREBROUSDTSWAP,3,20250604,195100,0.03243,0.03243,0.03237,0.0324,420.2
ZEREBROUSDTSWAP,3,20250604,195400,0.03239,0.03246,0.03236,0.03236,277.65
ZEREBROUSDTSWAP,3,20250604,195700,0.03236,0.03237,0.03227,0.03236,253.31
ZEREBROUSDTSWAP,3,20250604,200000,0.03235,0.03235,0.03219,0.03222,870.41
ZEREBROUSDTSWAP,3,20250604,200300,0.03221,0.03226,0.03217,0.03225,526.12
ZEREBROUSDTSWAP,3,20250604,200600,0.03223,0.03223,0.03213,0.03218,432.78
ZEREBROUSDTSWAP,3,20250604,200900,0.0322,0.0322,0.03199,0.032,693.27
ZEREBROUSDTSWAP,3,20250604,201200,0.03202,0.0321,0.03199,0.03207,430.93
ZEREBROUSDTSWAP,3,20250604,201500,0.03208,0.03209,0.03191,0.03194,730.97
ZEREBROUSDTSWAP,3,20250604,201800,0.03194,0.03202,0.03194,0.032,683.1
ZEREBROUSDTSWAP,3,20250604,202100,0.032,0.03203,0.03195,0.03197,434.08
ZEREBROUSDTSWAP,3,20250604,202400,0.03198,0.03202,0.03184,0.03188,981.82
ZEREBROUSDTSWAP,3,20250604,202700,0.03189,0.03191,0.03179,0.03181,527.33
ZEREBROUSDTSWAP,3,20250604,203000,0.03181,0.03181,0.03162,0.03168,1414.94
ZEREBROUSDTSWAP,3,20250604,203300,0.03168,0.03178,0.03162,0.03169,972.45
ZEREBROUSDTSWAP,3,20250604,203600,0.03168,0.03169,0.03159,0.03164,800.27
ZEREBROUSDTSWAP,3,20250604,203900,0.03165,0.0317,0.03158,0.03165,1262.55
ZEREBROUSDTSWAP,3,20250604,204200,0.03166,0.03166,0.03155,0.03159,630.57
ZEREBROUSDTSWAP,3,20250604,204500,0.03158,0.03161,0.03152,0.03157,1272.3
ZEREBROUSDTSWAP,3,20250604,204800,0.03156,0.0317,0.03153,0.03161,852.94
ZEREBROUSDTSWAP,3,20250604,205100,0.0316,0.03171,0.03158,0.03169,416.99
ZEREBROUSDTSWAP,3,20250604,205400,0.0317,0.03173,0.03166,0.03169,623.86
ZEREBROUSDTSWAP,3,20250604,205700,0.03168,0.0317,0.03161,0.03166,443.84
ZEREBROUSDTSWAP,3,20250604,210000,0.03168,0.03191,0.03168,0.03189,600.34
ZEREBROUSDTSWAP,3,20250604,210300,0.03188,0.03196,0.03188,0.03193,812.68
ZEREBROUSDTSWAP,3,20250604,210600,0.03192,0.03192,0.03176,0.0318,832.12
ZEREBROUSDTSWAP,3,20250604,210900,0.03178,0.03194,0.03178,0.03192,361.91
ZEREBROUSDTSWAP,3,20250604,211200,0.03194,0.03199,0.03191,0.03197,553.14
ZEREBROUSDTSWAP,3,20250604,211500,0.03197,0.03198,0.03189,0.03189,1385.0
ZEREBROUSDTSWAP,3,20250604,211800,0.03188,0.03203,0.03186,0.03196,475.94
ZEREBROUSDTSWAP,3,20250604,212100,0.03198,0.0321,0.03198,0.03207,847.89
ZEREBROUSDTSWAP,3,20250604,212400,0.03207,0.0321,0.03205,0.03209,732.16
ZEREBROUSDTSWAP,3,20250604,212700,0.03207,0.03207,0.03202,0.03204,624.76
ZEREBROUSDTSWAP,3,20250604,213000,0.03204,0.03208,0.03193,0.03199,840.7
ZEREBROUSDTSWAP,3,20250604,213300,0.03199,0.03199,0.03195,0.03199,484.36
ZEREBROUSDTSWAP,3,20250604,213600,0.032,0.03202,0.03193,0.03193,481.22
ZEREBROUSDTSWAP,3,20250604,213900,0.03192,0.03194,0.03188,0.03192,423.16
ZEREBROUSDTSWAP,3,20250604,214200,0.03193,0.03205,0.03193,0.03202,130.08
ZEREBROUSDTSWAP,3,20250604,214500,0.03204,0.03205,0.03191,0.032,939.16
ZEREBROUSDTSWAP,3,20250604,214800,0.03198,0.032,0.03185,0.03195,1015.72
ZEREBROUSDTSWAP,3,20250604,215100,0.03195,0.03195,0.03172,0.03178,2574.85
ZEREBROUSDTSWAP,3,20250604,215400,0.03179,0.03179,0.03173,0.03177,425.67
ZEREBROUSDTSWAP,3,20250604,215700,0.03176,0.03182,0.03174,0.03178,588.07
ZEREBROUSDTSWAP,3,20250604,220000,0.03178,0.03179,0.03173,0.03174,389.97
ZEREBROUSDTSWAP,3,20250604,220300,0.03174,0.03189,0.03174,0.03188,348.28
ZEREBROUSDTSWAP,3,20250604,220600,0.03188,0.03189,0.03174,0.03179,811.79
ZEREBROUSDTSWAP,3,20250604,220900,0.0318,0.0318,0.03163,0.03168,791.31
ZEREBROUSDTSWAP,3,20250604,221200,0.03169,0.03174,0.03167,0.03169,386.68
ZEREBROUSDTSWAP,3,20250604,221500,0.03169,0.03169,0.03152,0.0316,1830.64
ZEREBROUSDTSWAP,3,20250604,221800,0.03161,0.03171,0.03161,0.03168,517.87
ZEREBROUSDTSWAP,3,20250604,222100,0.03167,0.03173,0.03164,0.03172,586.12
ZEREBROUSDTSWAP,3,20250604,222400,0.03171,0.03171,0.03163,0.03164,107.75