<TICKER>,<PER>,<DATE>,<TIME>,<OPEN>,<HIGH>,<LOW>,<CLOSE>,<VOL>
ZILUSDTSWAP,60,20250531,190000,0.01117,0.0113,0.01114,0.01124,327.4
ZILUSDTSWAP,60,20250531,200000,0.01125,0.01125,0.01115,0.01116,168.1
ZILUSDTSWAP,60,20250531,210000,0.01116,0.01127,0.01115,0.01125,234.97
ZILUSDTSWAP,60,20250531,220000,0.01125,0.01128,0.01123,0.01125,158.68
ZILUSDTSWAP,60,20250531,230000,0.01125,0.01127,0.01123,0.01126,124.9
ZILUSDTSWAP,60,20250601,000000,0.01126,0.0114,0.01126,0.01132,377.26
ZILUSDTSWAP,60,20250601,010000,0.01133,0.01134,0.01124,0.01126,283.42
ZILUSDTSWAP,60,20250601,020000,0.01125,0.01131,0.01121,0.01126,256.24
ZILUSDTSWAP,60,20250601,030000,0.01125,0.01131,0.01118,0.01126,514.55
ZILUSDTSWAP,60,20250601,040000,0.01126,0.0113,0.0111,0.01113,674.07
ZILUSDTSWAP,60,20250601,050000,0.01114,0.01119,0.01106,0.01117,486.87
ZILUSDTSWAP,60,20250601,060000,0.01118,0.01118,0.01108,0.01117,364.96
ZILUSDTSWAP,60,20250601,070000,0.01116,0.01127,0.01113,0.01124,306.06
ZILUSDTSWAP,60,20250601,080000,0.01125,0.01134,0.01124,0.01132,232.86
ZILUSDTSWAP,60,20250601,090000,0.01131,0.01133,0.01124,0.01124,433.55
ZILUSDTSWAP,60,20250601,100000,0.01124,0.01127,0.01121,0.01125,230.08
ZILUSDTSWAP,60,20250601,110000,0.01126,0.01126,0.01115,0.01117,305.28
ZILUSDTSWAP,60,20250601,120000,0.01118,0.01121,0.01102,0.01108,528.37
ZILUSDTSWAP,60,20250601,130000,0.01109,0.01111,0.01104,0.01111,166.09
ZILUSDTSWAP,60,20250601,140000,0.01111,0.01123,0.01109,0.01119,143.59
ZILUSDTSWAP,60,20250601,150000,0.01119,0.01123,0.01111,0.01115,208.55
ZILUSDTSWAP,60,20250601,160000,0.01115,0.01131,0.01115,0.01129,256.86
ZILUSDTSWAP,60,20250601,170000,0.0113,0.0114,0.0113,0.01133,382.98
ZILUSDTSWAP,60,20250601,180000,0.01134,0.01137,0.0113,0.01134,254.31
ZILUSDTSWAP,60,20250601,190000,0.01134,0.01143,0.01131,0.01134,297.21
ZILUSDTSWAP,60,20250601,200000,0.01135,0.01138,0.0113,0.01132,249.56
ZILUSDTSWAP,60,20250601,210000,0.01132,0.01132,0.01112,0.0112,483.35
ZILUSDTSWAP,60,20250601,220000,0.0112,0.01128,0.0112,0.01128,192.3
ZILUSDTSWAP,60,20250601,230000,0.01128,0.01134,0.01123,0.01129,315.59
ZILUSDTSWAP,60,20250602,000000,0.01129,0.01138,0.01128,0.01135,158.24
ZILUSDTSWAP,60,20250602,010000,0.01135,0.0114,0.01133,0.01133,299.34
ZILUSDTSWAP,60,20250602,020000,0.01134,0.01139,0.01132,0.01133,197.59
ZILUSDTSWAP,60,20250602,030000,0.01134,0.01137,0.01129,0.01133,414.09
ZILUSDTSWAP,60,20250602,040000,0.01134,0.0114,0.01129,0.01131,216.03
ZILUSDTSWAP,60,20250602,050000,0.01131,0.01137,0.01123,0.01124,405.32
ZILUSDTSWAP,60,20250602,060000,0.01125,0.01126,0.01116,0.01122,366.29
ZILUSDTSWAP,60,20250602,070000,0.01121,0.01128,0.0112,0.01121,168.76
ZILUSDTSWAP,60,20250602,080000,0.01121,0.01126,0.01118,0.01123,197.64
ZILUSDTSWAP,60,20250602,090000,0.01124,0.01136,0.0112,0.01132,360.56
ZILUSDTSWAP,60,20250602,100000,0.01133,0.01142,0.01132,0.01136,590.24
ZILUSDTSWAP,60,20250602,110000,0.01137,0.01142,0.01128,0.01129,223.95
ZILUSDTSWAP,60,20250602,120000,0.0113,0.0113,0.01121,0.01122,513.86
ZILUSDTSWAP,60,20250602,130000,0.01122,0.01126,0.01118,0.0112,422.38
ZILUSDTSWAP,60,20250602,140000,0.01121,0.01125,0.01119,0.01124,262.71
ZILUSDTSWAP,60,20250602,150000,0.01123,0.01135,0.01119,0.01133,196.99
ZILUSDTSWAP,60,20250602,160000,0.01135,0.01138,0.01128,0.01129,323.55
ZILUSDTSWAP,60,20250602,170000,0.01129,0.01143,0.01126,0.01137,478.29
ZILUSDTSWAP,60,20250602,180000,0.01137,0.01143,0.01131,0.0114,249.87
ZILUSDTSWAP,60,20250602,190000,0.0114,0.01141,0.01133,0.01141,240.67
ZILUSDTSWAP,60,20250602,200000,0.0114,0.01144,0.01137,0.01144,156.9
ZILUSDTSWAP,60,20250602,210000,0.01144,0.0115,0.0114,0.01143,199.98
ZILUSDTSWAP,60,20250602,220000,0.01142,0.01144,0.01128,0.01135,204.03
ZILUSDTSWAP,60,20250602,230000,0.01136,0.01155,0.01136,0.01154,246.61
ZILUSDTSWAP,60,20250603,000000,0.01155,0.01165,0.01155,0.01164,233.62
ZILUSDTSWAP,60,20250603,010000,0.01165,0.01177,0.01165,0.01174,285.24
ZILUSDTSWAP,60,20250603,020000,0.01174,0.01177,0.01171,0.01174,158.48
ZILUSDTSWAP,60,20250603,030000,0.01174,0.01185,0.01173,0.01183,332.29
ZILUSDTSWAP,60,20250603,040000,0.01183,0.01198,0.01183,0.01197,429.37
ZILUSDTSWAP,60,20250603,050000,0.01197,0.01198,0.0118,0.01184,330.71
ZILUSDTSWAP,60,20250603,060000,0.01183,0.01184,0.01172,0.01174,578.71
ZILUSDTSWAP,60,20250603,070000,0.01176,0.01177,0.01168,0.0117,218.72
ZILUSDTSWAP,60,20250603,080000,0.01171,0.01181,0.01171,0.01181,83.04
ZILUSDTSWAP,60,20250603,090000,0.0118,0.01182,0.01177,0.01181,105.2
ZILUSDTSWAP,60,20250603,100000,0.01182,0.01182,0.01173,0.01174,196.59
ZILUSDTSWAP,60,20250603,110000,0.01174,0.01181,0.01166,0.01172,491.54
ZILUSDTSWAP,60,20250603,120000,0.01173,0.01181,0.01171,0.01178,259.19
ZILUSDTSWAP,60,20250603,130000,0.01178,0.01179,0.01175,0.01177,154.19
ZILUSDTSWAP,60,20250603,140000,0.01178,0.01182,0.01174,0.01176,313.6
ZILUSDTSWAP,60,20250603,150000,0.01176,0.0118,0.01171,0.01178,398.24
ZILUSDTSWAP,60,20250603,160000,0.01178,0.01184,0.01174,0.0118,501.93
ZILUSDTSWAP,60,20250603,170000,0.0118,0.01193,0.01172,0.01192,713.37
ZILUSDTSWAP,60,20250603,180000,0.01192,0.01194,0.01183,0.01185,217.75
ZILUSDTSWAP,60,20250603,190000,0.01185,0.01187,0.01181,0.01181,263.37
ZILUSDTSWAP,60,20250603,200000,0.01181,0.01191,0.0118,0.01189,224.77
ZILUSDTSWAP,60,20250603,210000,0.01189,0.0119,0.01178,0.01181,229.47
ZILUSDTSWAP,60,20250603,220000,0.01182,0.0119,0.01182,0.01188,244.38
ZILUSDTSWAP,60,20250603,230000,0.01188,0.0119,0.0117,0.01176,346.66
ZILUSDTSWAP,60,20250604,000000,0.01176,0.01178,0.01157,0.01164,631.02
ZILUSDTSWAP,60,20250604,010000,0.01163,0.01177,0.01163,0.01173,362.59
ZILUSDTSWAP,60,20250604,020000,0.01173,0.01175,0.01167,0.01168,249.99
ZILUSDTSWAP,60,20250604,030000,0.01168,0.01173,0.01161,0.01173,350.35
ZILUSDTSWAP,60,20250604,040000,0.01174,0.01191,0.01174,0.01184,414.26
ZILUSDTSWAP,60,20250604,050000,0.01185,0.01191,0.01182,0.01184,388.31
ZILUSDTSWAP,60,20250604,060000,0.01184,0.01193,0.01183,0.01187,571.95
ZILUSDTSWAP,60,20250604,070000,0.01188,0.0119,0.01183,0.01186,367.13
ZILUSDTSWAP,60,20250604,080000,0.01187,0.01189,0.01181,0.01182,358.01
ZILUSDTSWAP,60,20250604,090000,0.01182,0.01186,0.01175,0.01184,302.99
ZILUSDTSWAP,60,20250604,100000,0.01185,0.01186,0.0118,0.01183,348.63
ZILUSDTSWAP,60,20250604,110000,0.01184,0.01195,0.01183,0.01192,461.51
ZILUSDTSWAP,60,20250604,120000,0.01192,0.01195,0.01184,0.01189,426.74
ZILUSDTSWAP,60,20250604,130000,0.0119,0.01192,0.01181,0.01182,264.06
ZILUSDTSWAP,60,20250604,140000,0.01181,0.01184,0.01172,0.01173,283.97
ZILUSDTSWAP,60,20250604,150000,0.01172,0.01174,0.01162,0.01166,492.73
ZILUSDTSWAP,60,20250604,160000,0.01165,0.0117,0.0116,0.01162,364.83
ZILUSDTSWAP,60,20250604,170000,0.01162,0.01168,0.01152,0.01167,486.81
ZILUSDTSWAP,60,20250604,180000,0.01168,0.01181,0.01165,0.01177,501.19
ZILUSDTSWAP,60,20250604,190000,0.01177,0.01181,0.01173,0.01175,270.87
ZILUSDTSWAP,60,20250604,200000,0.01174,0.01175,0.01158,0.01163,400.45
ZILUSDTSWAP,60,20250604,210000,0.01164,0.01168,0.01162,0.01163,358.76
ZILUSDTSWAP,60,20250604,220000,0.01163,0.01168,0.01161,0.01164,107.31