<TICKER>,<PER>,<DATE>,<TIME>,<OPEN>,<HIGH>,<LOW>,<CLOSE>,<VOL>
ZKUSDTSWAP,3,20250604,172700,0.05766,0.0577,0.05756,0.05765,1728.53
ZKUSDTSWAP,3,20250604,173000,0.05768,0.05769,0.05755,0.05768,207.99
ZKUSDTSWAP,3,20250604,173300,0.05768,0.05785,0.05768,0.05772,759.76
ZKUSDTSWAP,3,20250604,173600,0.05772,0.05773,0.05753,0.05753,973.91
ZKUSDTSWAP,3,20250604,173900,0.05755,0.05771,0.05753,0.0577,637.31
ZKUSDTSWAP,3,20250604,174200,0.05769,0.05774,0.05759,0.05771,494.98
ZKUSDTSWAP,3,20250604,174500,0.05774,0.05795,0.05774,0.05795,307.7
ZKUSDTSWAP,3,20250604,174800,0.05796,0.05809,0.05796,0.05798,403.81
ZKUSDTSWAP,3,20250604,175100,0.05796,0.05806,0.05794,0.05806,247.72
ZKUSDTSWAP,3,20250604,175400,0.05807,0.05833,0.05807,0.05833,544.41
ZKUSDTSWAP,3,20250604,175700,0.05828,0.05848,0.05825,0.05847,957.48
ZKUSDTSWAP,3,20250604,180000,0.05846,0.05847,0.05838,0.05838,893.97
ZKUSDTSWAP,3,20250604,180300,0.05837,0.05844,0.05827,0.05837,542.67
ZKUSDTSWAP,3,20250604,180600,0.05838,0.05867,0.05838,0.05844,2275.59
ZKUSDTSWAP,3,20250604,180900,0.05845,0.05853,0.05838,0.05852,170.38
ZKUSDTSWAP,3,20250604,181200,0.05854,0.05854,0.0583,0.05844,1732.9
ZKUSDTSWAP,3,20250604,181500,0.05842,0.05873,0.05842,0.05867,842.3
ZKUSDTSWAP,3,20250604,181800,0.05865,0.05875,0.05857,0.05857,933.47
ZKUSDTSWAP,3,20250604,182100,0.05857,0.05883,0.05856,0.05877,844.64
ZKUSDTSWAP,3,20250604,182400,0.05877,0.05882,0.05872,0.05874,230.55
ZKUSDTSWAP,3,20250604,182700,0.05875,0.059,0.05875,0.05891,3663.3
ZKUSDTSWAP,3,20250604,183000,0.05891,0.05895,0.05873,0.05883,558.76
ZKUSDTSWAP,3,20250604,183300,0.05888,0.05891,0.05879,0.05879,277.97
ZKUSDTSWAP,3,20250604,183600,0.05878,0.05913,0.05878,0.05911,1618.57
ZKUSDTSWAP,3,20250604,183900,0.05908,0.0592,0.05903,0.0591,525.81
ZKUSDTSWAP,3,20250604,184200,0.05912,0.05914,0.05898,0.05898,220.81
ZKUSDTSWAP,3,20250604,184500,0.059,0.05915,0.05896,0.0591,464.51
ZKUSDTSWAP,3,20250604,184800,0.05914,0.05924,0.05904,0.05918,964.22
ZKUSDTSWAP,3,20250604,185100,0.05918,0.0593,0.05912,0.05921,1418.6
ZKUSDTSWAP,3,20250604,185400,0.05923,0.05967,0.05923,0.05967,2612.87
ZKUSDTSWAP,3,20250604,185700,0.05961,0.05977,0.05952,0.05968,1390.34
ZKUSDTSWAP,3,20250604,190000,0.05969,0.05969,0.0594,0.05959,739.08
ZKUSDTSWAP,3,20250604,190300,0.05962,0.05971,0.05941,0.05941,1462.84
ZKUSDTSWAP,3,20250604,190600,0.05937,0.05969,0.05936,0.05963,5484.84
ZKUSDTSWAP,3,20250604,190900,0.05964,0.0603,0.05964,0.06012,6691.07
ZKUSDTSWAP,3,20250604,191200,0.06013,0.0606,0.06004,0.06058,14293.62
ZKUSDTSWAP,3,20250604,191500,0.06049,0.06061,0.06034,0.06042,5652.85
ZKUSDTSWAP,3,20250604,191800,0.06039,0.06069,0.06025,0.06066,5576.29
ZKUSDTSWAP,3,20250604,192100,0.06062,0.06064,0.06014,0.06016,4882.46
ZKUSDTSWAP,3,20250604,192400,0.06017,0.06048,0.06003,0.06015,8217.78
ZKUSDTSWAP,3,20250604,192700,0.06018,0.06048,0.06012,0.06037,1911.26
ZKUSDTSWAP,3,20250604,193000,0.06036,0.06069,0.06036,0.06052,3511.2
ZKUSDTSWAP,3,20250604,193300,0.06054,0.06099,0.06048,0.0609,7479.17
ZKUSDTSWAP,3,20250604,193600,0.0609,0.06092,0.06055,0.06075,1423.84
ZKUSDTSWAP,3,20250604,193900,0.06073,0.06074,0.06058,0.06058,818.64
ZKUSDTSWAP,3,20250604,194200,0.06059,0.0606,0.06025,0.0603,3156.44
ZKUSDTSWAP,3,20250604,194500,0.0603,0.06053,0.06022,0.06042,1870.08
ZKUSDTSWAP,3,20250604,194800,0.06041,0.06044,0.0603,0.06037,1981.63
ZKUSDTSWAP,3,20250604,195100,0.0604,0.06054,0.06024,0.06046,2790.6
ZKUSDTSWAP,3,20250604,195400,0.06046,0.06068,0.06043,0.06053,1923.84
ZKUSDTSWAP,3,20250604,195700,0.06055,0.06062,0.06041,0.06057,3618.53
ZKUSDTSWAP,3,20250604,200000,0.0606,0.06063,0.06024,0.06041,3093.02
ZKUSDTSWAP,3,20250604,200300,0.06042,0.06062,0.06042,0.06049,1149.19
ZKUSDTSWAP,3,20250604,200600,0.06049,0.06049,0.06009,0.06018,3299.85
ZKUSDTSWAP,3,20250604,200900,0.06016,0.0602,0.05988,0.05994,1919.1
ZKUSDTSWAP,3,20250604,201200,0.05994,0.06018,0.05994,0.06009,200.32
ZKUSDTSWAP,3,20250604,201500,0.06007,0.06011,0.05985,0.05986,975.48
ZKUSDTSWAP,3,20250604,201800,0.0599,0.05995,0.05983,0.05994,351.91
ZKUSDTSWAP,3,20250604,202100,0.05995,0.06019,0.05994,0.06011,192.32
ZKUSDTSWAP,3,20250604,202400,0.06011,0.06015,0.05986,0.05988,434.6
ZKUSDTSWAP,3,20250604,202700,0.05987,0.05989,0.05968,0.05972,783.1
ZKUSDTSWAP,3,20250604,203000,0.05965,0.05971,0.05921,0.05932,9120.9
ZKUSDTSWAP,3,20250604,203300,0.05935,0.0594,0.05902,0.05923,4713.46
ZKUSDTSWAP,3,20250604,203600,0.05921,0.05929,0.05897,0.05908,2429.5
ZKUSDTSWAP,3,20250604,203900,0.05911,0.05927,0.05907,0.0592,1502.4
ZKUSDTSWAP,3,20250604,204200,0.0592,0.05926,0.05915,0.05918,96.08
ZKUSDTSWAP,3,20250604,204500,0.05918,0.0594,0.05915,0.05921,1508.79
ZKUSDTSWAP,3,20250604,204800,0.0592,0.05931,0.0591,0.05915,437.07
ZKUSDTSWAP,3,20250604,205100,0.05915,0.05932,0.05914,0.05931,121.85
ZKUSDTSWAP,3,20250604,205400,0.05932,0.0594,0.05931,0.05931,195.1
ZKUSDTSWAP,3,20250604,205700,0.05928,0.05936,0.05928,0.0593,386.27
ZKUSDTSWAP,3,20250604,210000,0.0593,0.0595,0.0593,0.05946,733.66
ZKUSDTSWAP,3,20250604,210300,0.05947,0.05968,0.05945,0.05964,1362.52
ZKUSDTSWAP,3,20250604,210600,0.05962,0.05964,0.05934,0.05934,558.34
ZKUSDTSWAP,3,20250604,210900,0.05934,0.05953,0.0593,0.05949,1586.81
ZKUSDTSWAP,3,20250604,211200,0.05951,0.05963,0.05947,0.05963,204.6
ZKUSDTSWAP,3,20250604,211500,0.0596,0.05968,0.05959,0.05966,205.8
ZKUSDTSWAP,3,20250604,211800,0.05965,0.05975,0.0596,0.05966,153.24
ZKUSDTSWAP,3,20250604,212100,0.05967,0.05971,0.05956,0.05961,212.6
ZKUSDTSWAP,3,20250604,212400,0.05964,0.0597,0.05963,0.05966,313.53
ZKUSDTSWAP,3,20250604,212700,0.05964,0.0597,0.05963,0.05964,122.08
ZKUSDTSWAP,3,20250604,213000,0.05965,0.05972,0.05952,0.05961,339.29
ZKUSDTSWAP,3,20250604,213300,0.05962,0.05962,0.05943,0.0595,542.07
ZKUSDTSWAP,3,20250604,213600,0.05953,0.05955,0.0594,0.05941,221.57
ZKUSDTSWAP,3,20250604,213900,0.05944,0.05948,0.05938,0.05942,188.96
ZKUSDTSWAP,3,20250604,214200,0.05943,0.05957,0.0594,0.0595,517.1
ZKUSDTSWAP,3,20250604,214500,0.05951,0.05953,0.05943,0.05944,739.71
ZKUSDTSWAP,3,20250604,214800,0.05947,0.05957,0.05939,0.05939,682.0
ZKUSDTSWAP,3,20250604,215100,0.05938,0.05938,0.05918,0.05918,644.75
ZKUSDTSWAP,3,20250604,215400,0.05918,0.05919,0.05888,0.05894,1415.47
ZKUSDTSWAP,3,20250604,215700,0.05892,0.05906,0.05892,0.05904,2113.22
ZKUSDTSWAP,3,20250604,220000,0.05904,0.05914,0.05887,0.05906,933.84
ZKUSDTSWAP,3,20250604,220300,0.05907,0.05943,0.05907,0.05943,1575.57
ZKUSDTSWAP,3,20250604,220600,0.05942,0.05942,0.0592,0.05927,542.03
ZKUSDTSWAP,3,20250604,220900,0.05932,0.05932,0.05905,0.05915,252.23
ZKUSDTSWAP,3,20250604,221200,0.05922,0.05923,0.05901,0.05901,131.76
ZKUSDTSWAP,3,20250604,221500,0.05906,0.05907,0.05874,0.05882,900.31
ZKUSDTSWAP,3,20250604,221800,0.05884,0.05906,0.05879,0.05892,2103.82
ZKUSDTSWAP,3,20250604,222100,0.05893,0.05903,0.05893,0.05898,272.79
ZKUSDTSWAP,3,20250604,222400,0.059,0.059,0.05886,0.0589,86.85